# temperature and density at unit angle-averaged monochromatic optical depth
# depth limits log(m) [-5.0, 5.0] cm^2/g
# idx	E(keV)		m (cm^2/g)	T		rho
 0	1.303846e-02	-1.045178	5.877803	-0.717636	-3.906388	5.273300	-2.996612
 1	2.524478e-02	-0.301016	6.047209	-0.139553	-3.395055	5.369727	-2.571817
 2	4.426074e-02	0.301036	6.175303	0.339392	-2.976812	5.456369	-2.240164
 3	6.573579e-02	0.698978	6.243811	0.676869	-2.668184	5.516496	-1.988608
 4	8.475174e-02	0.954259	6.278240	0.906863	-2.474016	5.556720	-1.833127
 5	9.695806e-02	1.000004	6.284868	0.947640	-2.359606	5.581220	-1.741992
 6	1.418908e-01	1.477122	6.352892	1.378072	-2.031631	5.653872	-1.484401
 7	2.991188e-01	2.000002	6.442879	1.834349	-1.395350	5.799117	-0.990855
 8	5.042574e-01	2.323096	6.500792	2.114371	-0.972495	5.893331	-0.663113
 9	6.614854e-01	1.867852	6.414657	1.726827	-0.796988	5.928804	-0.526690
10	7.142320e-01	1.552494	6.361747	1.448857	-0.678605	5.958131	-0.430583
11	7.549619e-01	1.106180	6.295794	1.043757	-0.648703	5.964475	-0.408220
12	8.081032e-01	1.105894	6.295762	1.043495	-0.608629	5.973532	-0.377653
13	8.488332e-01	1.536646	6.359771	1.433913	-0.577476	5.981028	-0.353438
14	8.893310e-01	1.782048	6.400470	1.651050	-0.500735	5.999911	-0.293549
15	9.703232e-01	2.018767	6.445379	1.850076	-0.453005	6.010773	-0.257176
16	1.303846e+00	2.408181	6.520110	2.179360	-0.198602	6.070603	-0.060523
17	2.524478e+00	2.907084	6.646905	2.553634	0.212774	6.154437	0.264303
18	4.426074e+00	3.122381	6.694096	2.714394	0.484249	6.209074	0.491498
19	6.573579e+00	3.323504	6.746429	2.871667	0.542314	6.218494	0.540392
20	8.475174e+00	3.391474	6.763728	2.919166	0.559337	6.221461	0.554917
21	9.695806e+00	3.428303	6.773966	2.945819	0.564284	6.222341	0.559154
22	1.072976e+01	3.496974	6.793490	2.995579	0.566825	6.222797	0.561333
23	1.366237e+01	3.537668	6.804208	3.023846	0.570333	6.223429	0.564344
24	1.823101e+01	3.550105	6.807634	3.032644	0.572074	6.223744	0.565840
25	2.339045e+01	3.499189	6.794054	2.997097	0.572702	6.223858	0.566379
26	2.795910e+01	3.404200	6.767195	2.928305	0.572950	6.223903	0.566592
27	3.089170e+01	3.347134	6.752215	2.887926	0.573055	6.223922	0.566682
