# temperature and density at unit angle-averaged monochromatic optical depth
# depth limits log(m) [-5.0, 5.0] cm^2/g
# idx	E(keV)		m (cm^2/g)	T		rho
 0	1.303846e-02	-1.045492	5.858348	-0.694595	-3.942009	5.240898	-2.995542
 1	2.524478e-02	-0.301011	6.027853	-0.115922	-3.466534	5.330327	-2.602478
 2	4.426074e-02	0.301033	6.148493	0.373076	-3.018679	5.426758	-2.247486
 3	6.573579e-02	0.602218	6.190804	0.642063	-2.690512	5.492272	-1.982569
 4	8.475174e-02	0.903109	6.231021	0.916036	-2.496652	5.531890	-1.827293
 5	9.695806e-02	1.000002	6.248937	0.997750	-2.381337	5.555597	-1.734291
 6	1.507215e-01	1.477123	6.321756	1.426450	-2.021948	5.632459	-1.449061
 7	3.250364e-01	2.000091	6.425290	1.864684	-1.372724	5.785914	-0.952098
 8	4.993513e-01	1.749718	6.368390	1.666094	-0.996815	5.869398	-0.657127
 9	5.585632e-01	1.363252	6.300348	1.326983	-0.935700	5.880084	-0.611803
10	5.904160e-01	0.956828	6.240593	0.961799	-0.901559	5.886612	-0.585782
11	6.319750e-01	0.954948	6.240244	0.960247	-0.856454	5.895890	-0.550679
12	6.638278e-01	1.346421	6.297557	1.312572	-0.821850	5.903541	-0.523215
13	7.092421e-01	1.632047	6.346992	1.564550	-0.773047	5.915161	-0.483735
14	8.361417e-01	2.013765	6.427288	1.875726	-0.611090	5.953867	-0.356384
15	9.630413e-01	2.152242	6.450794	1.991064	-0.479116	5.985733	-0.254081
16	1.303846e+00	2.478417	6.525705	2.258513	-0.218198	6.046632	-0.051540
17	2.524478e+00	2.846055	6.617214	2.534735	0.181578	6.123334	0.269580
18	4.426074e+00	3.061727	6.667930	2.693205	0.431862	6.166136	0.488948
19	6.573579e+00	3.189499	6.698251	2.787759	0.511230	6.177708	0.560148
20	8.475174e+00	3.329613	6.737625	2.894664	0.527478	6.179878	0.574649
21	9.695806e+00	3.360650	6.745592	2.915609	0.532255	6.180530	0.578923
22	1.072976e+01	3.382998	6.751595	2.930989	0.534718	6.180868	0.581129
23	1.366237e+01	3.425056	6.763516	2.960592	0.538130	6.181339	0.584186
24	1.823101e+01	3.427907	6.764354	2.962629	0.539833	6.181576	0.585714
25	2.339045e+01	3.359384	6.745259	2.914745	0.540459	6.181663	0.586275
26	2.795910e+01	3.252570	6.715849	2.836970	0.540717	6.181699	0.586507
27	3.089170e+01	3.188515	6.697991	2.787004	0.540831	6.181715	0.586609
