# temperature and density at unit angle-averaged monochromatic optical depth
# depth limits log(m) [-5.0, 5.0] cm^2/g
# idx	E(keV)		m (cm^2/g)	T		rho
 0	1.303846e-02	-0.999972	5.844818	-0.629871	-3.980284	5.201291	-2.987499
 1	2.524478e-02	-0.300658	6.002551	-0.083908	-3.500326	5.291858	-2.592680
 2	4.426074e-02	0.301032	6.109275	0.424569	-3.066671	5.385422	-2.249388
 3	6.573579e-02	0.602194	6.142820	0.709093	-2.796496	5.437560	-2.036072
 4	8.475174e-02	0.903131	6.187830	0.980681	-2.521670	5.498331	-1.812675
 5	9.695806e-02	1.000001	6.207455	1.060623	-2.450203	5.512732	-1.756425
 6	1.409251e-01	1.301070	6.247917	1.345224	-2.121408	5.585170	-1.496792
 7	2.815749e-01	2.000000	6.392855	1.926331	-1.517474	5.726582	-1.032049
 8	4.222247e-01	1.602787	6.301133	1.613227	-1.191689	5.799353	-0.777222
 9	4.702992e-01	1.172608	6.227669	1.222504	-1.087804	5.823804	-0.697093
10	4.971186e-01	0.794440	6.171573	0.882023	-1.039343	5.835333	-0.659958
11	5.321104e-01	0.796720	6.171839	0.884185	-0.986573	5.847061	-0.620113
12	5.589298e-01	1.161879	6.226196	1.212330	-0.960123	5.851660	-0.600613
13	6.149763e-01	1.551224	6.293082	1.564096	-0.902889	5.862432	-0.557378
14	7.830222e-01	2.018278	6.395666	1.941058	-0.672982	5.916476	-0.373782
15	9.510680e-01	2.165536	6.422278	2.063786	-0.508465	5.955068	-0.246133
16	1.303846e+00	2.407779	6.477761	2.263680	-0.269958	6.009014	-0.059992
17	2.524478e+00	2.789918	6.574754	2.550966	0.146359	6.083264	0.284945
18	4.426074e+00	3.027593	6.634521	2.723127	0.397382	6.117675	0.517209
19	6.573579e+00	3.150136	6.662703	2.809310	0.479664	6.126322	0.596728
20	8.475174e+00	3.301032	6.706526	2.924642	0.495026	6.128176	0.610668
21	9.695806e+00	3.330771	6.713937	2.943650	0.499615	6.128741	0.614840
22	1.072976e+01	3.352448	6.719582	2.957798	0.501993	6.129036	0.617005
23	1.366237e+01	3.394000	6.730997	2.985596	0.505294	6.129447	0.620010
24	1.823101e+01	3.397204	6.731911	2.987776	0.506932	6.129653	0.621503
25	2.339045e+01	3.326757	6.712914	2.941057	0.507517	6.129726	0.622036
26	2.795910e+01	3.211728	6.679293	2.855241	0.507747	6.129755	0.622245
27	3.089170e+01	3.144209	6.661195	2.804978	0.507844	6.129767	0.622334
