# temperature and density at unit angle-averaged monochromatic optical depth
# depth limits log(m) [-5.0, 5.0] cm^2/g
# idx	E(keV)		m (cm^2/g)	T		rho
 0	1.303846e-02	-1.096866	5.800310	-0.676992	-4.023060	5.167222	-2.991003
 1	2.524478e-02	-0.397904	5.957665	-0.130345	-3.522573	5.262162	-2.580087
 2	4.426074e-02	0.000124	6.038729	0.192574	-3.087070	5.356382	-2.236118
 3	6.573579e-02	0.477134	6.098451	0.634784	-2.823162	5.407772	-2.029182
 4	8.475174e-02	0.778155	6.144586	0.906218	-2.598815	5.457084	-1.847035
 5	9.695806e-02	0.954245	6.174336	1.062134	-2.470102	5.485478	-1.744235
 6	1.368711e-01	1.000022	6.183829	1.099813	-2.153116	5.556302	-1.494482
 7	2.635893e-01	1.954243	6.365620	1.925993	-1.633107	5.675990	-1.094745
 8	3.903075e-01	1.491981	6.263321	1.550027	-1.279509	5.757062	-0.817622
 9	4.337729e-01	1.090785	6.193792	1.185813	-1.194205	5.777108	-0.751948
10	4.585093e-01	0.701448	6.131087	0.839420	-1.139792	5.790028	-0.710063
11	4.907835e-01	0.700695	6.130964	0.838772	-1.082248	5.803657	-0.665887
12	5.155199e-01	1.071729	6.191544	1.167681	-1.036960	5.814427	-0.631118
13	5.759663e-01	1.500604	6.264741	1.557709	-0.961086	5.829874	-0.573984
14	7.610397e-01	1.959811	6.366862	1.930362	-0.776511	5.868420	-0.428971
15	9.461131e-01	2.112746	6.395968	2.053931	-0.581486	5.914445	-0.274722
16	1.303846e+00	2.342410	6.448425	2.246533	-0.286979	5.981588	-0.042563
17	2.524478e+00	2.650156	6.525589	2.478496	0.123030	6.052423	0.302255
18	4.426074e+00	2.909759	6.593381	2.667115	0.377263	6.086739	0.538832
19	6.573579e+00	3.051753	6.627623	2.766833	0.449683	6.094992	0.608326
20	8.475174e+00	3.128487	6.645377	2.820465	0.471229	6.097691	0.629089
21	9.695806e+00	3.169841	6.655976	2.850522	0.480580	6.098874	0.637922
22	1.072976e+01	3.199588	6.664074	2.872618	0.482912	6.099161	0.640046
23	1.366237e+01	3.307027	6.696305	2.954524	0.486165	6.099564	0.643011
24	1.823101e+01	3.306417	6.696156	2.954141	0.487794	6.099767	0.644497
25	2.339045e+01	3.208457	6.666567	2.879280	0.488384	6.099841	0.645035
26	2.795910e+01	3.118091	6.642829	2.813034	0.488620	6.099870	0.645250
27	3.089170e+01	3.054960	6.628318	2.769017	0.488721	6.099883	0.645343
