# temperature and density at unit angle-averaged monochromatic optical depth
# depth limits log(m) [-5.0, 4.5] cm^2/g
# idx	E(keV)		m (cm^2/g)	T		rho
 0	1.303846e-02	-1.096893	5.779102	-0.649589	-4.069955	5.126880	-2.992707
 1	2.524478e-02	-0.397928	5.933351	-0.098043	-3.605123	5.214301	-2.612522
 2	4.426074e-02	0.000032	6.009157	0.233199	-3.130276	5.320735	-2.238479
 3	6.573579e-02	0.477126	6.058839	0.697887	-2.847708	5.380314	-2.022260
 4	8.475174e-02	0.778153	6.106144	0.973368	-2.618887	5.433476	-1.839186
 5	9.695806e-02	0.903091	6.125310	1.090385	-2.487853	5.462939	-1.734678
 6	1.629883e-01	1.301033	6.186005	1.475415	-2.039233	5.552051	-1.367589
 7	3.350843e-01	1.536360	6.234569	1.676145	-1.458482	5.694518	-0.930296
 8	4.042179e-01	1.038755	6.147861	1.213450	-1.278288	5.737739	-0.791441
 9	4.272689e-01	0.619880	6.078517	0.832302	-1.218356	5.751549	-0.744472
10	4.573441e-01	0.617169	6.078111	0.829842	-1.182984	5.759369	-0.717005
11	4.803951e-01	1.024822	6.146341	1.199540	-1.132179	5.770933	-0.677279
12	5.221856e-01	1.341384	6.193041	1.510512	-1.066544	5.785851	-0.626017
13	6.559743e-01	1.786628	6.293887	1.875672	-0.902836	5.818359	-0.500504
14	8.305312e-01	2.025011	6.348748	2.063997	-0.676392	5.870358	-0.317422
15	9.643199e-01	2.106228	6.363534	2.131986	-0.590985	5.888890	-0.251407
16	1.303846e+00	2.324679	6.414379	2.319620	-0.338059	5.945379	-0.050113
17	2.524478e+00	2.632686	6.492943	2.545878	0.097752	6.017269	0.326911
18	4.426074e+00	2.872432	6.556463	2.714339	0.355239	6.045415	0.577553
19	6.573579e+00	3.031706	6.596653	2.825000	0.428114	6.053036	0.649448
20	8.475174e+00	3.101495	6.612230	2.872046	0.450810	6.055651	0.671871
21	9.695806e+00	3.138360	6.621266	2.897872	0.457544	6.056451	0.678527
22	1.072976e+01	3.164461	6.628020	2.916548	0.461029	6.056869	0.681971
23	1.366237e+01	3.212642	6.641295	2.951845	0.465863	6.057454	0.686751
24	1.823101e+01	3.216898	6.642520	2.955013	0.468272	6.057747	0.689132
25	2.339045e+01	3.146047	6.623224	2.903339	0.469142	6.057854	0.689993
26	2.795910e+01	3.052039	6.600992	2.838452	0.469488	6.057896	0.690334
27	3.089170e+01	2.985662	6.586309	2.794300	0.469633	6.057914	0.690478
