

#   Phi[rad]  Energy[keV]            I          Q/I
           0     0.316228      1105.71  7.79625e-09
           0     0.331285      1134.17  7.83282e-09
           0      0.34706      1157.89  7.87022e-09
           0     0.363585      1176.49  7.90761e-09
           0     0.380897      1189.79   7.9432e-09
           0     0.399034      1197.79  7.97433e-09
           0     0.418034      1200.96  7.99666e-09
           0      0.43794      1199.98  8.00767e-09
           0     0.458792      1195.43   8.0072e-09
           0     0.480638      1187.81  7.99738e-09
           0     0.503524      1177.96  7.97703e-09
           0       0.5275       1166.9  7.94011e-09
           0     0.552617      1156.45  7.87136e-09
           0      0.57893      1148.39  7.74896e-09
           0     0.606496      1144.64  7.49897e-09
           0     0.635375      1146.81  7.47327e-09
           0     0.665629      1157.15  7.68791e-09
           0     0.697324       1177.4  7.45678e-09
           0     0.730527      1209.91  7.32925e-09
           0     0.765312      1255.49  7.22698e-09
           0     0.801753      1313.94  7.12244e-09
           0     0.839929      1382.87  7.10845e-09
           0     0.879923      1459.11  7.11565e-09
           0     0.921821       1539.7  7.13031e-09
           0     0.965714      1622.15  7.20249e-09
           0       1.0117      1703.35  7.25239e-09
           0      1.05987      1781.91  7.36865e-09
           0      1.11034      1856.56  7.46301e-09
           0      1.16321      1925.42  7.53327e-09
           0      1.21859      1986.32  7.59254e-09
           0      1.27662       2037.3   7.6425e-09
           0       1.3374      2077.43  7.68545e-09
           0      1.40109      2107.09  7.72164e-09
           0       1.4678      2126.92  7.75296e-09
           0      1.53769      2137.38  7.78069e-09
           0      1.61091       2138.8   7.8033e-09
           0      1.68761      2131.41  7.82333e-09
           0      1.76797      2115.36  7.84283e-09
           0      1.85215       2090.8  7.86192e-09
           0      1.94034      2057.86  7.88058e-09
           0      2.03274      2016.71  7.89859e-09
           0      2.12953      1967.65  7.91561e-09
           0      2.23092      1911.14  7.93119e-09
           0      2.33715      1847.86  7.94487e-09
           0      2.44844      1778.86   7.9563e-09
           0      2.56502      1705.66  7.96556e-09
           0      2.68716      1629.35  7.97267e-09
           0      2.81511      1549.94  7.97675e-09
           0      2.94915      1467.47  7.97684e-09
           0      3.08958      1382.11  7.97193e-09
           0      3.23669       1294.2  7.96083e-09
           0      3.39081      1204.27  7.94244e-09
           0      3.55226      1113.01  7.91623e-09
           0      3.72141      1021.28  7.88102e-09
           0       3.8986      930.145  7.83607e-09
           0      4.08424      840.804  7.78107e-09
           0      4.27871      754.566  7.71634e-09
           0      4.48245      672.753  7.64313e-09
           0      4.69588      596.389  7.56309e-09
           0      4.91948      525.973  7.47708e-09
           0      5.15372      461.792  7.38618e-09
           0      5.39912      403.941  7.29178e-09
           0      5.65621      352.316  7.19546e-09
           0      5.92553      306.617  7.09861e-09
           0      6.20768       266.36  7.00183e-09
           0      6.50326      230.928   6.9043e-09
           0      6.81292      199.662  6.80359e-09
           0      7.13732      172.019  6.69719e-09
           0      7.47717      147.598  6.58337e-09
           0       7.8332      126.089  6.46108e-09
           0      8.20619      107.254  6.33023e-09
           0      8.59693      90.8868  6.19185e-09
           0      9.00628      76.8212  6.04953e-09
           0      9.43512      64.8671  5.90836e-09
           0      9.88438      54.7242  5.76863e-09
           0       10.355      46.0921  5.62771e-09
           0      10.8481      38.7586  5.48551e-09
           0      11.3646      32.5582  5.34403e-09
           0      11.9058      27.3202  5.20286e-09
           0      12.4727      22.8988  5.06156e-09
           0      13.0666      19.1721  4.92018e-09
           0      13.6887      16.0382  4.77953e-09
           0      14.3405      13.4093  4.64081e-09
           0      15.0234      11.2075  4.50482e-09
           0      15.7387      9.36616  4.37236e-09
           0      16.4881      7.82736  4.24387e-09
           0      17.2732      6.54172  4.11942e-09
           0      18.0957      5.46781  3.99912e-09
           0      18.9574      4.57079  3.88295e-09
           0        19.86      3.82106  3.77039e-09
           0      20.8057      3.19406  3.66084e-09
           0      21.7964       2.6695  3.55387e-09
           0      22.8342      2.23071  3.44934e-09
           0      23.9215      1.86389  3.34758e-09
           0      25.0605       1.5574  3.24883e-09
           0      26.2538       1.3013  3.15302e-09
           0      27.5039      1.08732  3.06008e-09
           0      28.8135     0.908536  2.96995e-09
           0      30.1855     0.759119  2.88235e-09
           0      31.6228     0.634256  2.79724e-09
#   Phi[rad]  Energy[keV]            I          Q/I
   0.0174533     0.316228      1105.79   -0.0341209
   0.0174533     0.331285      1134.26   -0.0346776
   0.0174533      0.34706      1157.98   -0.0352702
   0.0174533     0.363585      1176.58   -0.0358981
   0.0174533     0.380897      1189.88   -0.0365514
   0.0174533     0.399034      1197.87    -0.037214
   0.0174533     0.418034      1201.03   -0.0378508
   0.0174533      0.43794      1200.05   -0.0384148
   0.0174533     0.458792      1195.48   -0.0388586
   0.0174533     0.480638      1187.87   -0.0391367
   0.0174533     0.503524      1178.01   -0.0391975
   0.0174533       0.5275      1166.97   -0.0389858
   0.0174533     0.552617      1156.53   -0.0384352
   0.0174533      0.57893      1148.49   -0.0374884
   0.0174533     0.606496      1144.75   -0.0360966
   0.0174533     0.635375      1146.93   -0.0345697
   0.0174533     0.665629      1157.29   -0.0329771
   0.0174533     0.697324      1177.55   -0.0308725
   0.0174533     0.730527      1210.08   -0.0288428
   0.0174533     0.765312      1255.67   -0.0270308
   0.0174533     0.801753      1314.13   -0.0256629
   0.0174533     0.839929      1383.08   -0.0250893
   0.0174533     0.879923      1459.33   -0.0249811
   0.0174533     0.921821      1539.94   -0.0250434
   0.0174533     0.965714       1622.4   -0.0252423
   0.0174533       1.0117       1703.6   -0.0254762
   0.0174533      1.05987      1782.17   -0.0265109
   0.0174533      1.11034      1856.83   -0.0273974
   0.0174533      1.16321      1925.69   -0.0281072
   0.0174533      1.21859      1986.59   -0.0287803
   0.0174533      1.27662      2037.58   -0.0293948
   0.0174533       1.3374      2077.71    -0.029962
   0.0174533      1.40109      2107.37    -0.030476
   0.0174533       1.4678      2127.19   -0.0309535
   0.0174533      1.53769      2137.65   -0.0314074
   0.0174533      1.61091      2139.06   -0.0318313
   0.0174533      1.68761      2131.66   -0.0322423
   0.0174533      1.76797      2115.61   -0.0326563
   0.0174533      1.85215      2091.04   -0.0330758
   0.0174533      1.94034      2058.09   -0.0335017
   0.0174533      2.03274      2016.93    -0.033933
   0.0174533      2.12953      1967.86   -0.0343671
   0.0174533      2.23092      1911.34   -0.0347995
   0.0174533      2.33715      1848.05   -0.0352243
   0.0174533      2.44844      1779.04   -0.0356344
   0.0174533      2.56502      1705.82   -0.0360232
   0.0174533      2.68716       1629.5   -0.0363859
   0.0174533      2.81511      1550.08   -0.0367188
   0.0174533      2.94915       1467.6   -0.0370178
   0.0174533      3.08958      1382.22   -0.0372783
   0.0174533      3.23669      1294.31   -0.0374943
   0.0174533      3.39081      1204.37   -0.0376607
   0.0174533      3.55226       1113.1   -0.0377742
   0.0174533      3.72141      1021.36   -0.0378304
   0.0174533       3.8986      930.214   -0.0378267
   0.0174533      4.08424      840.864   -0.0377626
   0.0174533      4.27871      754.618   -0.0376407
   0.0174533      4.48245      672.798   -0.0374688
   0.0174533      4.69588      596.428   -0.0372559
   0.0174533      4.91948      526.006   -0.0370065
   0.0174533      5.15372       461.82   -0.0367249
   0.0174533      5.39912      403.964   -0.0364159
   0.0174533      5.65621      352.336   -0.0360847
   0.0174533      5.92553      306.633   -0.0357351
   0.0174533      6.20768      266.374    -0.035368
   0.0174533      6.50326       230.94   -0.0349788
   0.0174533      6.81292      199.672   -0.0345569
   0.0174533      7.13732      172.028   -0.0340934
   0.0174533      7.47717      147.605    -0.033584
   0.0174533       7.8332      126.096   -0.0330268
   0.0174533      8.20619      107.259   -0.0324225
   0.0174533      8.59693      90.8911   -0.0317745
   0.0174533      9.00628      76.8247   -0.0310977
   0.0174533      9.43512      64.8701   -0.0304165
   0.0174533      9.88438      54.7267    -0.029734
   0.0174533       10.355      46.0941   -0.0290394
   0.0174533      10.8481      38.7604   -0.0283342
   0.0174533      11.3646      32.5596   -0.0276288
   0.0174533      11.9058      27.3214     -0.02692
   0.0174533      12.4727      22.8998   -0.0262044
   0.0174533      13.0666       19.173   -0.0254823
   0.0174533      13.6887      16.0389    -0.024759
   0.0174533      14.3405      13.4098   -0.0240425
   0.0174533      15.0234       11.208   -0.0233385
   0.0174533      15.7387      9.36657   -0.0226523
   0.0174533      16.4881      7.82771    -0.021987
   0.0174533      17.2732        6.542   -0.0213432
   0.0174533      18.0957      5.46805   -0.0207215
   0.0174533      18.9574      4.57099    -0.020122
   0.0174533        19.86      3.82123   -0.0195412
   0.0174533      20.8057       3.1942   -0.0189756
   0.0174533      21.7964      2.66962   -0.0184223
   0.0174533      22.8342      2.23081   -0.0178809
   0.0174533      23.9215      1.86398   -0.0173533
   0.0174533      25.0605      1.55747   -0.0168413
   0.0174533      26.2538      1.30136   -0.0163447
   0.0174533      27.5039      1.08737   -0.0158631
   0.0174533      28.8135     0.908576   -0.0153961
   0.0174533      30.1855     0.759152   -0.0149421
   0.0174533      31.6228     0.634284   -0.0145008
#   Phi[rad]  Energy[keV]            I          Q/I
    0.261799     0.316228      1104.44    -0.842119
    0.261799     0.331285      1132.79    -0.841266
    0.261799      0.34706      1156.38    -0.840051
    0.261799     0.363585      1174.85    -0.838469
    0.261799     0.380897         1188    -0.836535
    0.261799     0.399034      1195.83    -0.834283
    0.261799     0.418034      1198.84    -0.831803
    0.261799      0.43794      1197.68    -0.829183
    0.261799     0.458792      1192.95    -0.826389
    0.261799     0.480638      1185.19    -0.823236
    0.261799     0.503524      1175.21    -0.819259
    0.261799       0.5275      1164.05    -0.813818
    0.261799     0.552617      1153.53    -0.806599
    0.261799      0.57893      1145.41    -0.795443
    0.261799     0.606496      1141.71    -0.771931
    0.261799     0.635375      1144.13    -0.778897
    0.261799     0.665629      1154.97    -0.819277
    0.261799     0.697324      1175.88    -0.809386
    0.261799     0.730527      1209.12    -0.809462
    0.261799     0.765312      1255.37    -0.809387
    0.261799     0.801753      1314.35    -0.807813
    0.261799     0.839929      1383.67     -0.81448
    0.261799     0.879923      1460.17    -0.821375
    0.261799     0.921821      1540.92     -0.82396
    0.261799     0.965714      1623.45    -0.829696
    0.261799       1.0117      1704.67    -0.834145
    0.261799      1.05987      1783.21    -0.841317
    0.261799      1.11034       1857.8    -0.846063
    0.261799      1.16321      1926.56    -0.849086
    0.261799      1.21859      1987.32    -0.850919
    0.261799      1.27662      2038.15    -0.851971
    0.261799       1.3374      2078.11    -0.852486
    0.261799      1.40109      2107.61    -0.852563
    0.261799       1.4678      2127.27    -0.852308
    0.261799      1.53769      2137.55    -0.851776
    0.261799      1.61091      2138.79    -0.850792
    0.261799      1.68761      2131.22    -0.849556
    0.261799      1.76797      2114.99    -0.848226
    0.261799      1.85215      2090.25    -0.846795
    0.261799      1.94034      2057.12    -0.845248
    0.261799      2.03274       2015.8    -0.843563
    0.261799      2.12953      1966.57    -0.841716
    0.261799      2.23092       1909.9    -0.839685
    0.261799      2.33715      1846.48    -0.837461
    0.261799      2.44844      1777.35    -0.835065
    0.261799      2.56502      1704.04    -0.832576
    0.261799      2.68716      1627.66    -0.830044
    0.261799      2.81511      1548.19    -0.827379
    0.261799      2.94915      1465.69    -0.824478
    0.261799      3.08958      1380.31    -0.821239
    0.261799      3.23669      1292.42    -0.817546
    0.261799      3.39081      1202.53    -0.813292
    0.261799      3.55226      1111.31     -0.80842
    0.261799      3.72141      1019.66    -0.802806
    0.261799       3.8986      928.606    -0.796364
    0.261799      4.08424       839.36    -0.789056
    0.261799      4.27871      753.225    -0.780899
    0.261799      4.48245       671.52    -0.772001
    0.261799      4.69588      595.263    -0.762506
    0.261799      4.91948      524.953    -0.752492
    0.261799      5.15372      460.872    -0.742062
    0.261799      5.39912      403.116    -0.731363
    0.261799      5.65621      351.581    -0.720565
    0.261799      5.92553      305.964     -0.70982
    0.261799      6.20768      265.783    -0.699204
    0.261799      6.50326      230.421    -0.688641
    0.261799      6.81292      199.218    -0.677883
    0.261799      7.13732      171.633    -0.666662
    0.261799      7.47717      147.263    -0.654777
    0.261799       7.8332      125.801    -0.642102
    0.261799      8.20619      107.007    -0.628624
    0.261799      8.59693      90.6757    -0.614451
    0.261799      9.00628      76.6416    -0.599959
    0.261799      9.43512      64.7147    -0.585645
    0.261799      9.88438       54.595    -0.571533
    0.261799       10.355      45.9829    -0.557349
    0.261799      10.8481      38.6665    -0.543071
    0.261799      11.3646      32.4806    -0.528892
    0.261799      11.9058      27.2549    -0.514781
    0.261799      12.4727       22.844    -0.500698
    0.261799      13.0666      19.1262    -0.486649
    0.261799      13.6887      15.9998    -0.472706
    0.261799      14.3405      13.3771    -0.458975
    0.261799      15.0234      11.1807    -0.445526
    0.261799      15.7387      9.34372    -0.432429
    0.261799      16.4881      7.80861    -0.419721
    0.261799      17.2732      6.52604    -0.407409
    0.261799      18.0957      5.45471    -0.395502
    0.261799      18.9574      4.55983    -0.383998
    0.261799        19.86       3.8119     -0.37285
    0.261799      20.8057       3.1864    -0.362004
    0.261799      21.7964       2.6631    -0.351418
    0.261799      22.8342      2.22536     -0.34108
    0.261799      23.9215      1.85942    -0.331018
    0.261799      25.0605      1.55366    -0.321255
    0.261799      26.2538      1.29818    -0.311781
    0.261799      27.5039      1.08471     -0.30259
    0.261799      28.8135     0.906357    -0.293677
    0.261799      30.1855     0.757298    -0.285014
    0.261799      31.6228     0.632734    -0.276597
#   Phi[rad]  Energy[keV]            I          Q/I
    0.523599     0.316228      1100.75    -0.854388
    0.523599     0.331285      1128.76    -0.853347
    0.523599      0.34706         1152    -0.851922
    0.523599     0.363585      1170.09    -0.850108
    0.523599     0.380897      1182.84    -0.847925
    0.523599     0.399034      1190.27    -0.845415
    0.523599     0.418034      1192.86    -0.842684
    0.523599      0.43794      1191.28     -0.83984
    0.523599     0.458792      1186.13    -0.836862
    0.523599     0.480638      1177.97     -0.83357
    0.523599     0.503524      1167.66    -0.829494
    0.523599       0.5275      1156.31    -0.823981
    0.523599     0.552617      1145.78    -0.816702
    0.523599      0.57893       1137.9    -0.805409
    0.523599     0.606496      1134.73    -0.781245
    0.523599     0.635375      1137.97    -0.789112
    0.523599     0.665629      1149.91    -0.832021
    0.523599     0.697324      1172.15    -0.822223
    0.523599     0.730527       1206.8    -0.822795
    0.523599     0.765312      1254.37    -0.823082
    0.523599     0.801753      1314.42    -0.821694
    0.523599     0.839929      1384.47    -0.828604
    0.523599     0.879923      1461.41    -0.835707
    0.523599     0.921821      1542.39    -0.838311
    0.523599     0.965714      1624.99    -0.844115
    0.523599       1.0117      1706.15     -0.84851
    0.523599      1.05987      1784.54    -0.855396
    0.523599      1.11034      1858.88    -0.859931
    0.523599      1.16321      1927.32    -0.862782
    0.523599      1.21859       1987.7    -0.864442
    0.523599      1.27662      2038.11    -0.865334
    0.523599       1.3374      2077.63    -0.865694
    0.523599      1.40109      2106.69    -0.865626
    0.523599       1.4678      2125.93     -0.86523
    0.523599      1.53769      2135.79    -0.864561
    0.523599      1.61091      2136.61    -0.863441
    0.523599      1.68761      2128.62    -0.862071
    0.523599      1.76797      2111.98    -0.860604
    0.523599      1.85215      2086.84    -0.859032
    0.523599      1.94034      2053.32    -0.857341
    0.523599      2.03274      2011.62    -0.855507
    0.523599      2.12953      1962.05    -0.853506
    0.523599      2.23092      1905.06    -0.851317
    0.523599      2.33715      1841.37    -0.848932
    0.523599      2.44844      1772.03    -0.846374
    0.523599      2.56502      1698.55    -0.843729
    0.523599      2.68716      1622.06    -0.841045
    0.523599      2.81511      1542.54    -0.838232
    0.523599      2.94915      1460.04    -0.835187
    0.523599      3.08958      1374.73    -0.831806
    0.523599      3.23669      1286.96    -0.827971
    0.523599      3.39081      1197.23    -0.823574
    0.523599      3.55226      1106.23    -0.818559
    0.523599      3.72141      1014.83    -0.812797
    0.523599       3.8986      924.072    -0.806202
    0.523599      4.08424       835.14    -0.798735
    0.523599      4.27871      749.334    -0.790412
    0.523599      4.48245       667.96    -0.781341
    0.523599      4.69588       592.03    -0.771668
    0.523599      4.91948      522.034    -0.761471
    0.523599      5.15372      458.253    -0.750855
    0.523599      5.39912      400.778     -0.73997
    0.523599      5.65621      349.503    -0.728988
    0.523599      5.92553      304.125    -0.718065
    0.523599      6.20768      264.161    -0.707278
    0.523599      6.50326      228.997    -0.696552
    0.523599      6.81292      197.973    -0.685634
    0.523599      7.13732       170.55    -0.674252
    0.523599      7.47717      146.326    -0.662202
    0.523599       7.8332      124.994    -0.649355
    0.523599      8.20619      106.315    -0.635695
    0.523599      8.59693      90.0856    -0.621336
    0.523599      9.00628      76.1398    -0.606657
    0.523599      9.43512      64.2888    -0.592162
    0.523599      9.88438      54.2342    -0.577876
    0.523599       10.355      45.6779    -0.563518
    0.523599      10.8481      38.4092    -0.549069
    0.523599      11.3646      32.2638     -0.53472
    0.523599      11.9058      27.0726    -0.520443
    0.523599      12.4727      22.6909    -0.506197
    0.523599      13.0666      18.9979    -0.491989
    0.523599      13.6887      15.8924    -0.477891
    0.523599      14.3405      13.2873    -0.464008
    0.523599      15.0234      11.1056    -0.450412
    0.523599      15.7387        9.281    -0.437171
    0.523599      16.4881       7.7562    -0.424324
    0.523599      17.2732      6.48223    -0.411876
    0.523599      18.0957      5.41808    -0.399837
    0.523599      18.9574      4.52921    -0.388206
    0.523599        19.86      3.78629    -0.376935
    0.523599      20.8057      3.16498    -0.365969
    0.523599      21.7964       2.6452    -0.355266
    0.523599      22.8342       2.2104    -0.344814
    0.523599      23.9215      1.84692    -0.334643
    0.523599      25.0605      1.54322    -0.324772
    0.523599      26.2538      1.28945    -0.315195
    0.523599      27.5039      1.07742    -0.305904
    0.523599      28.8135     0.900264    -0.296892
    0.523599      30.1855     0.752207    -0.288134
    0.523599      31.6228     0.628481    -0.279626
#   Phi[rad]  Energy[keV]            I          Q/I
    0.785398     0.316228      1094.54     -0.85635
    0.785398     0.331285      1122.07    -0.855257
    0.785398      0.34706      1144.81    -0.853771
    0.785398     0.363585       1162.4    -0.851885
    0.785398     0.380897      1174.65    -0.849621
    0.785398     0.399034      1181.58    -0.847022
    0.785398     0.418034      1183.69    -0.844196
    0.785398      0.43794      1181.67    -0.841256
    0.785398     0.458792      1176.17    -0.838188
    0.785398     0.480638      1167.79    -0.834816
    0.785398     0.503524      1157.42    -0.830664
    0.785398       0.5275      1146.19    -0.825073
    0.785398     0.552617      1136.02    -0.817691
    0.785398      0.57893      1128.72    -0.806222
    0.785398     0.606496      1126.34    -0.781586
    0.785398     0.635375      1130.57    -0.789927
    0.785398     0.665629      1143.65    -0.834219
    0.785398     0.697324       1167.1    -0.824416
    0.785398     0.730527      1202.94    -0.825213
    0.785398     0.765312      1251.54     -0.82568
    0.785398     0.801753      1312.35     -0.82441
    0.785398     0.839929      1382.82    -0.831399
    0.785398     0.879923      1459.87    -0.838569
    0.785398     0.921821      1540.76    -0.841192
    0.785398     0.965714       1623.1    -0.847027
    0.785398       1.0117      1703.89    -0.851432
    0.785398      1.05987      1781.81     -0.85811
    0.785398      1.11034      1855.61    -0.862502
    0.785398      1.16321      1923.44    -0.865266
    0.785398      1.21859      1983.17    -0.866853
    0.785398      1.27662      2032.91    -0.867685
    0.785398       1.3374      2071.79    -0.867992
    0.785398      1.40109      2100.26    -0.867876
    0.785398       1.4678      2118.93    -0.867437
    0.785398      1.53769      2128.25    -0.866728
    0.785398      1.61091      2128.57    -0.865572
    0.785398      1.68761      2120.11    -0.864169
    0.785398      1.76797      2103.02    -0.862669
    0.785398      1.85215      2077.46    -0.861064
    0.785398      1.94034      2043.57    -0.859337
    0.785398      2.03274      2001.55    -0.857466
    0.785398      2.12953       1951.7    -0.855427
    0.785398      2.23092       1894.5    -0.853198
    0.785398      2.33715      1830.66    -0.850771
    0.785398      2.44844      1761.24    -0.848172
    0.785398      2.56502      1687.76    -0.845486
    0.785398      2.68716      1611.34    -0.842765
    0.785398      2.81511      1531.97    -0.839916
    0.785398      2.94915       1449.7    -0.836836
    0.785398      3.08958      1364.69    -0.833419
    0.785398      3.23669      1277.28    -0.829551
    0.785398      3.39081      1187.98    -0.825121
    0.785398      3.55226      1097.48    -0.820073
    0.785398      3.72141      1006.62    -0.814279
    0.785398       3.8986      916.429    -0.807651
    0.785398      4.08424      828.096    -0.800148
    0.785398      4.27871      742.895    -0.791788
    0.785398      4.48245       662.12    -0.782679
    0.785398      4.69588      586.767    -0.772967
    0.785398      4.91948      517.319    -0.762728
    0.785398      5.15372      454.051     -0.75207
    0.785398      5.39912       397.05    -0.741142
    0.785398      5.65621      346.209    -0.730118
    0.785398      5.92553      301.223    -0.719156
    0.785398      6.20768      261.614    -0.708333
    0.785398      6.50326      226.768    -0.697573
    0.785398      6.81292      196.031    -0.686625
    0.785398      7.13732      168.865    -0.675214
    0.785398      7.47717      144.871    -0.663133
    0.785398       7.8332      123.744    -0.650255
    0.785398      8.20619      105.246    -0.636562
    0.785398      8.59693      89.1746    -0.622169
    0.785398      9.00628      75.3664    -0.607457
    0.785398      9.43512      63.6333    -0.592932
    0.785398      9.88438      53.6794    -0.578618
    0.785398       10.355      45.2093    -0.564234
    0.785398      10.8481      38.0142    -0.549758
    0.785398      11.3646      31.9313    -0.535384
    0.785398      11.9058      26.7931    -0.521083
    0.785398      12.4727      22.4563    -0.506815
    0.785398      13.0666      18.8013    -0.492587
    0.785398      13.6887      15.7279    -0.478469
    0.785398      14.3405      13.1497    -0.464569
    0.785398      15.0234      10.9906    -0.450956
    0.785398      15.7387       9.1849      -0.4377
    0.785398      16.4881      7.67589    -0.424837
    0.785398      17.2732      6.41511    -0.412374
    0.785398      18.0957      5.36197     -0.40032
    0.785398      18.9574      4.48229    -0.388674
    0.785398        19.86      3.74706    -0.377388
    0.785398      20.8057      3.13218    -0.366408
    0.785398      21.7964      2.61778    -0.355692
    0.785398      22.8342      2.18749    -0.345228
    0.785398      23.9215      1.82778    -0.335044
    0.785398      25.0605      1.52722    -0.325162
    0.785398      26.2538      1.27609    -0.315573
    0.785398      27.5039      1.06625     -0.30627
    0.785398      28.8135     0.890932    -0.297248
    0.785398      30.1855     0.744409    -0.288479
    0.785398      31.6228     0.621966    -0.279961
#   Phi[rad]  Energy[keV]            I          Q/I
      1.0472     0.316228      1086.67     -0.85659
      1.0472     0.331285      1113.73    -0.855464
      1.0472      0.34706      1136.01    -0.853939
      1.0472     0.363585      1153.15    -0.852008
      1.0472     0.380897      1164.98    -0.849695
      1.0472     0.399034      1171.54    -0.847042
      1.0472     0.418034      1173.35    -0.844165
      1.0472      0.43794      1171.13    -0.841182
      1.0472     0.458792      1165.55    -0.838081
      1.0472     0.480638      1157.21    -0.834686
      1.0472     0.503524      1147.02    -0.830513
      1.0472       0.5275      1136.12    -0.824894
      1.0472     0.552617      1126.41    -0.817486
      1.0472      0.57893      1119.69    -0.805943
      1.0472     0.606496      1117.98     -0.78101
      1.0472     0.635375      1122.92    -0.789662
      1.0472     0.665629      1136.69    -0.834871
      1.0472     0.697324      1160.74    -0.825042
      1.0472     0.730527      1197.01    -0.825925
      1.0472     0.765312      1245.83    -0.826459
      1.0472     0.801753      1306.59    -0.825262
      1.0472     0.839929      1376.78    -0.832233
      1.0472     0.879923      1453.39    -0.839383
      1.0472     0.921821      1533.71    -0.841994
      1.0472     0.965714      1615.38    -0.847761
      1.0472       1.0117      1695.46    -0.852084
      1.0472      1.05987      1772.63    -0.858667
      1.0472      1.11034      1845.66    -0.863001
      1.0472      1.16321      1912.72     -0.86572
      1.0472      1.21859      1971.69    -0.867272
      1.0472      1.27662      2020.72    -0.868074
      1.0472       1.3374      2058.96    -0.868355
      1.0472      1.40109      2086.86    -0.868217
      1.0472       1.4678      2105.04     -0.86776
      1.0472      1.53769      2113.95    -0.867034
      1.0472      1.61091       2113.9    -0.865864
      1.0472      1.68761      2105.14     -0.86445
      1.0472      1.76797      2087.82    -0.862938
      1.0472      1.85215      2062.09     -0.86132
      1.0472      1.94034      2028.09    -0.859579
      1.0472      2.03274      1986.02    -0.857694
      1.0472      2.12953       1936.2     -0.85564
      1.0472      2.23092      1879.11    -0.853395
      1.0472      2.33715      1815.45    -0.850952
      1.0472      2.44844      1746.28    -0.848337
      1.0472      2.56502      1673.13    -0.845635
      1.0472      2.68716       1597.1    -0.842899
      1.0472      2.81511      1518.19    -0.840036
      1.0472      2.94915      1436.43    -0.836943
      1.0472      3.08958      1351.99    -0.833515
      1.0472      3.23669      1265.22    -0.829635
      1.0472      3.39081      1176.62    -0.825195
      1.0472      3.55226      1086.84    -0.820138
      1.0472      3.72141      996.747    -0.814335
      1.0472       3.8986      907.347    -0.807697
      1.0472      4.08424      819.807    -0.800186
      1.0472      4.27871      735.391    -0.791818
      1.0472      4.48245      655.374      -0.7827
      1.0472      4.69588      580.739    -0.772979
      1.0472      4.91948      511.964     -0.76273
      1.0472      5.15372      449.316    -0.752063
      1.0472      5.39912       392.88    -0.741125
      1.0472      5.65621      342.548    -0.730092
      1.0472      5.92553      298.019    -0.719121
      1.0472      6.20768      258.816     -0.70829
      1.0472      6.50326       224.33    -0.697523
      1.0472      6.81292      193.914    -0.686569
      1.0472      7.13732      167.034    -0.675154
      1.0472      7.47717      143.295    -0.663069
      1.0472       7.8332      122.393    -0.650186
      1.0472      8.20619      104.094    -0.636488
      1.0472      8.59693      88.1959    -0.622091
      1.0472      9.00628      74.5373    -0.607375
      1.0472      9.43512      62.9318    -0.592847
      1.0472      9.88438      53.0867    -0.578531
      1.0472       10.355      44.7093    -0.564145
      1.0472      10.8481      37.5933    -0.549667
      1.0472      11.3646      31.5773    -0.535293
      1.0472      11.9058      26.4958    -0.520991
      1.0472      12.4727      22.2069    -0.506723
      1.0472      13.0666      18.5924    -0.492496
      1.0472      13.6887      15.5531    -0.478381
      1.0472      14.3405      13.0036    -0.464483
      1.0472      15.0234      10.8685    -0.450873
      1.0472      15.7387      9.08282    -0.437619
      1.0472      16.4881      7.59058    -0.424758
      1.0472      17.2732      6.34381    -0.412298
      1.0472      18.0957      5.30237    -0.400246
      1.0472      18.9574      4.43246    -0.388601
      1.0472        19.86       3.7054    -0.377317
      1.0472      20.8057      3.09735    -0.366339
      1.0472      21.7964      2.58867    -0.355624
      1.0472      22.8342      2.16316    -0.345162
      1.0472      23.9215      1.80746     -0.33498
      1.0472      25.0605      1.51024      -0.3251
      1.0472      26.2538       1.2619    -0.315513
      1.0472      27.5039       1.0544    -0.306212
      1.0472      28.8135     0.881025    -0.297192
      1.0472      30.1855     0.736131    -0.288425
      1.0472      31.6228      0.61505    -0.279907
#   Phi[rad]  Energy[keV]            I          Q/I
       1.309     0.316228      1079.31    -0.856873
       1.309     0.331285         1106    -0.855735
       1.309      0.34706      1127.93    -0.854192
       1.309     0.363585      1144.73    -0.852242
       1.309     0.380897      1156.27    -0.849907
       1.309     0.399034       1162.6    -0.847233
       1.309     0.418034      1164.27    -0.844341
       1.309      0.43794      1162.04    -0.841354
       1.309     0.458792      1156.58    -0.838263
       1.309     0.480638      1148.49    -0.834892
       1.309     0.503524      1138.69    -0.830755
       1.309       0.5275      1128.25    -0.825175
       1.309     0.552617      1119.04    -0.817839
       1.309      0.57893      1112.82    -0.806398
       1.309     0.606496      1111.54    -0.781636
       1.309     0.635375      1116.83    -0.790352
       1.309     0.665629      1130.77    -0.835425
       1.309     0.697324       1154.8    -0.825679
       1.309     0.730527      1190.83    -0.826568
       1.309     0.765312       1239.2    -0.827111
       1.309     0.801753      1299.37    -0.825971
       1.309     0.839929       1368.9    -0.832871
       1.309     0.879923      1444.78    -0.839935
       1.309     0.921821      1524.33     -0.84251
       1.309     0.965714       1605.2    -0.848156
       1.309       1.0117      1684.48    -0.852422
       1.309      1.05987      1760.87    -0.859008
       1.309      1.11034      1833.14    -0.863334
       1.309      1.16321      1899.47    -0.866039
       1.309      1.21859      1957.76     -0.86758
       1.309      1.27662      2006.19    -0.868372
       1.309       1.3374      2043.92    -0.868644
       1.309      1.40109      2071.39    -0.868499
       1.309       1.4678      2089.23    -0.868037
       1.309      1.53769      2097.87    -0.867305
       1.309      1.61091      2097.63    -0.866132
       1.309      1.68761      2088.75    -0.864713
       1.309      1.76797      2071.38    -0.863197
       1.309      1.85215      2045.66    -0.861574
       1.309      1.94034      2011.74    -0.859829
       1.309      2.03274      1969.84    -0.857938
       1.309      2.12953      1920.25    -0.855877
       1.309      2.23092      1863.45    -0.853626
       1.309      2.33715      1800.15    -0.851176
       1.309      2.44844      1731.41    -0.848554
       1.309      2.56502      1658.74    -0.845847
       1.309      2.68716      1583.23    -0.843105
       1.309      2.81511      1504.89    -0.840237
       1.309      2.94915      1423.74     -0.83714
       1.309      3.08958      1339.96    -0.833708
       1.309      3.23669      1253.88    -0.829824
       1.309      3.39081         1166     -0.82538
       1.309      3.55226      1076.98     -0.82032
       1.309      3.72141      987.654    -0.814514
       1.309       3.8986      899.031    -0.807874
       1.309      4.08424      812.263     -0.80036
       1.309      4.27871      728.599    -0.791988
       1.309      4.48245      649.301    -0.782868
       1.309      4.69588      575.343    -0.773144
       1.309      4.91948      507.194    -0.762893
       1.309      5.15372      445.119    -0.752222
       1.309      5.39912      389.202    -0.741281
       1.309      5.65621      339.334    -0.730245
       1.309      5.92553      295.216    -0.719271
       1.309      6.20768      256.376    -0.708437
       1.309      6.50326      222.211    -0.697667
       1.309      6.81292      192.078    -0.686711
       1.309      7.13732       165.45    -0.675292
       1.309      7.47717      141.934    -0.663205
       1.309       7.8332      121.229    -0.650318
       1.309      8.20619      103.103    -0.636618
       1.309      8.59693      87.3554    -0.622217
       1.309      9.00628      73.8263    -0.607498
       1.309      9.43512      62.3311    -0.592967
       1.309      9.88438      52.5795    -0.578647
       1.309       10.355       44.282    -0.564258
       1.309      10.8481      37.2338    -0.549778
       1.309      11.3646      31.2752      -0.5354
       1.309      11.9058      26.2422    -0.521095
       1.309      12.4727      21.9943    -0.506824
       1.309      13.0666      18.4144    -0.492594
       1.309      13.6887      15.4041    -0.478475
       1.309      14.3405       12.879    -0.464575
       1.309      15.0234      10.7644    -0.450962
       1.309      15.7387      8.99581    -0.437705
       1.309      16.4881      7.51786    -0.424842
       1.309      17.2732      6.28303    -0.412379
       1.309      18.0957      5.25157    -0.400324
       1.309      18.9574      4.38999    -0.388678
       1.309        19.86      3.66989    -0.377391
       1.309      20.8057      3.06768    -0.366411
       1.309      21.7964      2.56387    -0.355694
       1.309      22.8342      2.14244     -0.34523
       1.309      23.9215      1.79014    -0.335046
       1.309      25.0605      1.49577    -0.325164
       1.309      26.2538      1.24981    -0.315575
       1.309      27.5039      1.04429    -0.306272
       1.309      28.8135     0.872583     -0.29725
       1.309      30.1855     0.729078    -0.288481
       1.309      31.6228     0.609156    -0.279963
#   Phi[rad]  Energy[keV]            I          Q/I
      1.5708     0.316228      1075.32    -0.856879
      1.5708     0.331285      1101.82    -0.855731
      1.5708      0.34706      1123.57    -0.854178
      1.5708     0.363585       1140.2    -0.852214
      1.5708     0.380897       1151.6    -0.849865
      1.5708     0.399034      1157.82    -0.847178
      1.5708     0.418034      1159.44    -0.844277
      1.5708      0.43794      1157.23    -0.841287
      1.5708     0.458792      1151.87    -0.838204
      1.5708     0.480638      1143.97     -0.83485
      1.5708     0.503524      1134.42    -0.830735
      1.5708       0.5275       1124.3    -0.825177
      1.5708     0.552617      1115.42    -0.817871
      1.5708      0.57893      1109.53    -0.806456
      1.5708     0.606496      1108.51    -0.781672
      1.5708     0.635375      1113.92    -0.790459
      1.5708     0.665629      1127.85     -0.83569
      1.5708     0.697324      1151.74    -0.825934
      1.5708     0.730527      1187.51     -0.82684
      1.5708     0.765312      1235.55    -0.827421
      1.5708     0.801753      1295.35    -0.826295
      1.5708     0.839929      1364.47    -0.833102
      1.5708     0.879923      1439.92     -0.84002
      1.5708     0.921821      1519.02    -0.842548
      1.5708     0.965714      1599.44    -0.848203
      1.5708       1.0117      1678.27    -0.852461
      1.5708      1.05987      1754.21    -0.859047
      1.5708      1.11034      1826.06    -0.863372
      1.5708      1.16321      1891.98    -0.866074
      1.5708      1.21859      1949.91    -0.867612
      1.5708      1.27662         1998    -0.868401
      1.5708       1.3374      2035.45    -0.868671
      1.5708      1.40109       2062.7    -0.868524
      1.5708       1.4678      2080.35     -0.86806
      1.5708      1.53769      2088.85    -0.867327
      1.5708      1.61091      2088.51    -0.866153
      1.5708      1.68761      2079.57    -0.864734
      1.5708      1.76797      2062.18    -0.863218
      1.5708      1.85215      2036.48    -0.861594
      1.5708      1.94034      2002.63    -0.859848
      1.5708      2.03274      1960.82    -0.857956
      1.5708      2.12953      1911.37    -0.855894
      1.5708      2.23092      1854.75    -0.853641
      1.5708      2.33715      1791.66     -0.85119
      1.5708      2.44844      1723.17    -0.848567
      1.5708      2.56502      1650.77    -0.845857
      1.5708      2.68716      1575.56    -0.843114
      1.5708      2.81511      1497.54    -0.840246
      1.5708      2.94915      1416.73    -0.837148
      1.5708      3.08958      1333.32    -0.833715
      1.5708      3.23669      1247.63    -0.829831
      1.5708      3.39081      1160.16    -0.825387
      1.5708      3.55226      1071.55    -0.820326
      1.5708      3.72141      982.654     -0.81452
      1.5708       3.8986      894.462    -0.807881
      1.5708      4.08424       808.12    -0.800367
      1.5708      4.27871      724.872    -0.791997
      1.5708      4.48245      645.971    -0.782877
      1.5708      4.69588      572.385    -0.773154
      1.5708      4.91948       504.58    -0.762903
      1.5708      5.15372      442.821    -0.752234
      1.5708      5.39912      387.188    -0.741294
      1.5708      5.65621      337.575    -0.730258
      1.5708      5.92553      293.683    -0.719284
      1.5708      6.20768      255.042    -0.708451
      1.5708      6.50326      221.052    -0.697682
      1.5708      6.81292      191.075    -0.686726
      1.5708      7.13732      164.585    -0.675308
      1.5708      7.47717       141.19    -0.663221
      1.5708       7.8332      120.594    -0.650335
      1.5708      8.20619      102.562    -0.636635
      1.5708      8.59693      86.8963    -0.622235
      1.5708      9.00628       73.438    -0.607516
      1.5708      9.43512       62.003    -0.592985
      1.5708      9.88438      52.3026    -0.578665
      1.5708       10.355      44.0486    -0.564276
      1.5708      10.8481      37.0375    -0.549795
      1.5708      11.3646      31.1102    -0.535417
      1.5708      11.9058      26.1037    -0.521112
      1.5708      12.4727      21.8782     -0.50684
      1.5708      13.0666      18.3172     -0.49261
      1.5708      13.6887      15.3228    -0.478491
      1.5708      14.3405       12.811     -0.46459
      1.5708      15.0234      10.7075    -0.450976
      1.5708      15.7387      8.94831    -0.437719
      1.5708      16.4881      7.47816    -0.424856
      1.5708      17.2732      6.24985    -0.412392
      1.5708      18.0957      5.22383    -0.400337
      1.5708      18.9574      4.36681     -0.38869
      1.5708        19.86      3.65051    -0.377404
      1.5708      20.8057      3.05147    -0.366423
      1.5708      21.7964      2.55033    -0.355706
      1.5708      22.8342      2.13112    -0.345241
      1.5708      23.9215      1.78068    -0.335057
      1.5708      25.0605      1.48787    -0.325175
      1.5708      26.2538      1.24321    -0.315585
      1.5708      27.5039      1.03878    -0.306282
      1.5708      28.8135     0.867974     -0.29726
      1.5708      30.1855     0.725227    -0.288491
      1.5708      31.6228     0.605939    -0.279972

