# Energy[keV] nuFnu[keV2/keV/cm2/s] R G B
# 0.000 0.000 0.000
2.97233 0.0277649 0.000 0.000 0.000
3.01143 0.0265903 0.000 0.000 0.000
3.05105 0.0237312 0.000 0.000 0.000
3.09119 0.0247795 0.000 0.000 0.000
3.13015 0.0234628 0.000 0.000 0.000
3.16961 0.0234094 0.000 0.000 0.000
3.20956 0.0224701 0.000 0.000 0.000
3.25002 0.0241671 0.000 0.000 0.000
3.28919 0.0211795 0.000 0.000 0.000
3.32884 0.0192932 0.000 0.000 0.000
3.36713 0.0207502 0.000 0.000 0.000
3.40771 0.0211314 0.000 0.000 0.000
3.44691 0.0210833 0.000 0.000 0.000
3.48656 0.0204689 0.000 0.000 0.000
3.52666 0.0187309 0.000 0.000 0.000
3.56528 0.0183096 0.000 0.000 0.000
3.60629 0.0205155 0.000 0.000 0.000
3.64579 0.017024 0.000 0.000 0.000
3.68571 0.0157926 0.000 0.000 0.000
3.72405 0.0166032 0.000 0.000 0.000
3.76483 0.0166032 0.000 0.000 0.000
3.80399 0.0156496 0.000 0.000 0.000
3.84356 0.0137775 0.000 0.000 0.000
3.88354 0.0141588 0.000 0.000 0.000
3.92393 0.0139987 0.000 0.000 0.000
3.96258 0.0143861 0.000 0.000 0.000
4.00162 0.0145507 0.000 0.000 0.000
4.04104 0.012781 0.000 0.000 0.000
4.08085 0.0123803 0.000 0.000 0.000
4.12105 0.0118565 0.000 0.000 0.000
4.16165 0.0129861 0.000 0.000 0.000
4.20036 0.0116958 0.000 0.000 0.000
4.24173 0.0125219 0.000 0.000 0.000
4.28119 0.0127229 0.000 0.000 0.000
4.32101 0.0104858 0.000 0.000 0.000
4.35882 0.0116162 0.000 0.000 0.000
4.39937 0.0120195 0.000 0.000 0.000
4.44029 0.0122961 0.000 0.000 0.000
4.47915 0.0108006 0.000 0.000 0.000
4.51835 0.0124085 0.000 0.000 0.000
4.55789 0.0116958 0.000 0.000 0.000
4.59778 0.0112777 0.000 0.000 0.000
4.65827 0.00850547 0.000 0.000 0.000
4.71699 0.00997386 0.000 0.000 0.000
4.75827 0.00992858 0.000 0.000 0.000
4.81824 0.00894202 0.000 0.000 0.000
4.89761 0.00896239 0.000 0.000 0.000
4.95664 0.00981628 0.000 0.000 0.000
5.01639 0.00810865 0.000 0.000 0.000
5.09624 0.00725326 0.000 0.000 0.000
5.17737 0.00880074 0.000 0.000 0.000
5.25693 0.00807184 0.000 0.000 0.000
5.3348 0.00835206 0.000 0.000 0.000
5.41677 0.00653253 0.000 0.000 0.000
5.49402 0.0063566 0.000 0.000 0.000
5.5754 0.00656233 0.000 0.000 0.000
5.65491 0.00740331 0.000 0.000 0.000
5.73555 0.00625617 0.000 0.000 0.000
5.81417 0.00610154 0.000 0.000 0.000
5.89387 0.00641471 0.000 0.000 0.000
5.97467 0.00560894 0.000 0.000 0.000
6.05327 0.00671334 0.000 0.000 0.000
6.15298 0.00488212 0.000 0.000 0.000
6.27481 0.00555813 0.000 0.000 0.000
6.39556 0.00483789 0.000 0.000 0.000
6.51509 0.00472907 0.000 0.000 0.000
6.63324 0.00517962 0.000 0.000 0.000
6.75353 0.00491556 0.000 0.000 0.000
6.876 0.00501724 0.000 0.000 0.000
7.01596 0.0044372 0.000 0.000 0.000
7.17438 0.00402367 0.000 0.000 0.000
7.33637 0.00416335 0.000 0.000 0.000
7.49794 0.00406045 0.000 0.000 0.000
7.69653 0.0039511 0.000 0.000 0.000
7.9392 0.00401452 0.000 0.000 0.000
8.1806 0.0034391 0.000 0.000 0.000
8.47999 0.00307631 0.000 0.000 0.000
8.78077 0.00347845 0.000 0.000 0.000
9.06256 0.00325635 0.000 0.000 0.000
9.40446 0.00311859 0.000 0.000 0.000
9.78588 0.00310443 0.000 0.000 0.000
10.2719 0.00294616 0.000 0.000 0.000
10.7938 0.00331616 0.000 0.000 0.000
11.3607 0.0027896 0.000 0.000 0.000
12.1478 0.0028603 0.000 0.000 0.000
13.0817 0.00331616 0.000 0.000 0.000
14.0951 0.00324895 0.000 0.000 0.000
15.4539 0.00327865 0.000 0.000 0.000
17.2042 0.00377534 0.000 0.000 0.000
19.4151 0.00382723 0.000 0.000 0.000
22.6381 0.00459124 0.000 0.000 0.000
28.6428 0.00557079 0.000 0.000 0.000
41.3906 0.00844761 0.000 0.000 0.000
64.0256 0.0159008 0.000 0.000 0.000
79.3491 0.10701 0.000 0.000 0.000
# 1.000 0.000 0.000
2.97233 0.0281465 1.000 0.000 0.000
3.01143 0.0265299 1.000 0.000 0.000
3.05105 0.0252921 1.000 0.000 0.000
3.09119 0.0240574 1.000 0.000 0.000
3.13015 0.0239481 1.000 0.000 0.000
3.16961 0.0237312 1.000 0.000 0.000
3.20956 0.0241121 1.000 0.000 0.000
3.25002 0.0230396 1.000 0.000 0.000
3.28919 0.023092 1.000 0.000 0.000
3.32884 0.0217162 1.000 0.000 0.000
3.36713 0.0213731 1.000 0.000 0.000
3.40771 0.0206091 1.000 0.000 0.000
3.44691 0.0213246 1.000 0.000 0.000
3.48656 0.0199176 1.000 0.000 0.000
3.52666 0.0196923 1.000 0.000 0.000
3.56528 0.0201914 1.000 0.000 0.000
3.60629 0.018435 1.000 0.000 0.000
3.64579 0.0179385 1.000 0.000 0.000
3.68571 0.018435 1.000 0.000 0.000
3.72405 0.0174157 1.000 0.000 0.000
3.76483 0.0162667 1.000 0.000 0.000
3.80399 0.0171016 1.000 0.000 0.000
3.84356 0.0161928 1.000 0.000 0.000
3.88354 0.0158286 1.000 0.000 0.000
3.92393 0.0151589 1.000 0.000 0.000
3.96258 0.0148517 1.000 0.000 0.000
4.00162 0.0142234 1.000 0.000 0.000
4.04104 0.014617 1.000 0.000 0.000
4.08085 0.0134982 1.000 0.000 0.000
4.12105 0.0137149 1.000 0.000 0.000
4.16165 0.0135598 1.000 0.000 0.000
4.20036 0.0127519 1.000 0.000 0.000
4.24173 0.0132548 1.000 0.000 0.000
4.28119 0.0122402 1.000 0.000 0.000
4.32101 0.0126364 1.000 0.000 0.000
4.35882 0.0124651 1.000 0.000 0.000
4.39937 0.0111248 1.000 0.000 0.000
4.44029 0.010776 1.000 0.000 0.000
4.47915 0.0113291 1.000 0.000 0.000
4.51835 0.0107515 1.000 0.000 0.000
4.55789 0.0108993 1.000 0.000 0.000
4.59778 0.00997386 1.000 0.000 0.000
4.63802 0.00983864 1.000 0.000 0.000
4.67861 0.0095302 1.000 0.000 0.000
4.71699 0.00961732 1.000 0.000 0.000
4.75827 0.00966118 1.000 0.000 0.000
4.7973 0.00908557 1.000 0.000 0.000
4.83665 0.00906493 1.000 0.000 0.000
4.87632 0.00884088 1.000 0.000 0.000
4.91632 0.00902377 1.000 0.000 0.000
4.95664 0.00852484 1.000 0.000 0.000
4.9973 0.00882079 1.000 0.000 0.000
5.03555 0.00886102 1.000 0.000 0.000
5.07685 0.00850547 1.000 0.000 0.000
5.11571 0.00864201 1.000 0.000 0.000
5.15767 0.0080535 1.000 0.000 0.000
5.19715 0.00787234 1.000 0.000 0.000
5.23692 0.00789027 1.000 0.000 0.000
5.277 0.00764291 1.000 0.000 0.000
5.3145 0.00778329 1.000 0.000 0.000
5.35517 0.00750506 1.000 0.000 0.000
5.39616 0.00752216 1.000 0.000 0.000
5.4345 0.00713866 1.000 0.000 0.000
5.47609 0.00679014 1.000 0.000 0.000
5.515 0.00693061 1.000 0.000 0.000
5.55418 0.00728634 1.000 0.000 0.000
5.59365 0.00666767 1.000 0.000 0.000
5.63646 0.00638559 1.000 0.000 0.000
5.6765 0.00629901 1.000 0.000 0.000
5.71372 0.00642932 1.000 0.000 0.000
5.75432 0.00588343 1.000 0.000 0.000
5.7952 0.0066374 1.000 0.000 0.000
5.8332 0.00612937 1.000 0.000 0.000
5.87465 0.00634215 1.000 0.000 0.000
5.91316 0.00610154 1.000 0.000 0.000
5.95518 0.00538388 1.000 0.000 0.000
5.99422 0.00581688 1.000 0.000 0.000
6.03352 0.00576418 1.000 0.000 0.000
6.07308 0.0055455 1.000 0.000 0.000
6.1129 0.00608768 1.000 0.000 0.000
6.15298 0.00552032 1.000 0.000 0.000
6.19333 0.00569898 1.000 0.000 0.000
6.23393 0.00534726 1.000 0.000 0.000
6.27481 0.00576418 1.000 0.000 0.000
6.31595 0.00584341 1.000 0.000 0.000
6.3539 0.00542075 1.000 0.000 0.000
6.39556 0.00527476 1.000 0.000 0.000
6.43399 0.00481593 1.000 0.000 0.000
6.47617 0.00534726 1.000 0.000 0.000
6.51509 0.0047723 1.000 0.000 0.000
6.55423 0.00519142 1.000 0.000 0.000
6.59362 0.0048269 1.000 0.000 0.000
6.63324 0.00523888 1.000 0.000 0.000
6.67309 0.00490438 1.000 0.000 0.000
6.71319 0.004529 1.000 0.000 0.000
6.75353 0.00471832 1.000 0.000 0.000
6.7941 0.00563452 1.000 0.000 0.000
6.83493 0.00409757 1.000 0.000 0.000
6.876 0.00491556 1.000 0.000 0.000
6.91355 0.00408826 1.000 0.000 0.000
6.95509 0.00447777 1.000 0.000 0.000
6.99688 0.00447777 1.000 0.000 0.000
7.03509 0.00439701 1.000 0.000 0.000
7.0735 0.00423019 1.000 0.000 0.000
7.11601 0.00439701 1.000 0.000 0.000
7.15487 0.00428833 1.000 0.000 0.000
7.19394 0.00396009 1.000 0.000 0.000
7.23716 0.00379256 1.000 0.000 0.000
7.27669 0.00397816 1.000 0.000 0.000
7.31642 0.00388867 1.000 0.000 0.000
7.35638 0.0040697 1.000 0.000 0.000
7.39655 0.00357472 1.000 0.000 0.000
7.43694 0.00407897 1.000 0.000 0.000
7.47755 0.00384468 1.000 0.000 0.000
7.51839 0.00387102 1.000 0.000 0.000
7.55533 0.00313995 1.000 0.000 0.000
7.59659 0.00386222 1.000 0.000 0.000
7.63807 0.00383595 1.000 0.000 0.000
7.6756 0.00392422 1.000 0.000 0.000
7.71752 0.00387983 1.000 0.000 0.000
7.75544 0.00392422 1.000 0.000 0.000
7.79779 0.00308331 1.000 0.000 0.000
7.8361 0.0034002 1.000 0.000 0.000
7.8789 0.0039511 1.000 0.000 0.000
7.91761 0.00370725 1.000 0.000 0.000
7.95651 0.00364038 1.000 0.000 0.000
7.99996 0.00378394 1.000 0.000 0.000
8.03927 0.00364867 1.000 0.000 0.000
8.07877 0.00397816 1.000 0.000 0.000
8.11847 0.00382723 1.000 0.000 0.000
8.1806 0.00322685 1.000 0.000 0.000
8.23872 0.00344694 1.000 0.000 0.000
8.2792 0.00409757 1.000 0.000 0.000
8.31988 0.00342349 1.000 0.000 0.000
8.36076 0.00393316 1.000 0.000 0.000
8.40184 0.00345479 1.000 0.000 0.000
8.43853 0.00328612 1.000 0.000 0.000
8.49849 0.00310443 1.000 0.000 0.000
8.5822 0.00357472 1.000 0.000 0.000
8.66203 0.00286681 1.000 0.000 0.000
8.7426 0.00311859 1.000 0.000 0.000
8.79992 0.00358286 1.000 0.000 0.000
8.86244 0.00305538 1.000 0.000 0.000
8.94488 0.0031831 1.000 0.000 0.000
9.02316 0.00316145 1.000 0.000 0.000
9.10213 0.00294616 1.000 0.000 0.000
9.18179 0.00291947 1.000 0.000 0.000
9.26214 0.00324157 1.000 0.000 0.000
9.3432 0.00287989 1.000 0.000 0.000
9.42497 0.00325635 1.000 0.000 0.000
9.50746 0.00319035 1.000 0.000 0.000
9.58544 0.00273929 1.000 0.000 0.000
9.66933 0.0030346 1.000 0.000 0.000
9.74865 0.0028603 1.000 0.000 0.000
9.82861 0.0031471 1.000 0.000 0.000
9.90923 0.00270215 1.000 0.000 0.000
9.99051 0.00287989 1.000 0.000 0.000
10.0725 0.00302082 1.000 0.000 0.000
10.1495 0.00295287 1.000 0.000 0.000
10.2328 0.00275178 1.000 0.000 0.000
10.3336 0.00264738 1.000 0.000 0.000
10.4354 0.00309737 1.000 0.000 0.000
10.5325 0.00288645 1.000 0.000 0.000
10.6536 0.00300027 1.000 0.000 0.000
10.7762 0.00295959 1.000 0.000 0.000
10.9001 0.00270215 1.000 0.000 0.000
10.9955 0.00309034 1.000 0.000 0.000
11.0978 0.00280232 1.000 0.000 0.000
11.2193 0.00280871 1.000 0.000 0.000
11.3422 0.00262937 1.000 0.000 0.000
11.4602 0.00288645 1.000 0.000 0.000
11.5857 0.00309034 1.000 0.000 0.000
11.7253 0.00259963 1.000 0.000 0.000
11.886 0.00289961 1.000 0.000 0.000
12.049 0.00287334 1.000 0.000 0.000
12.2275 0.00244475 1.000 0.000 0.000
12.4153 0.00293946 1.000 0.000 0.000
12.5718 0.0030346 1.000 0.000 0.000
12.7372 0.0028603 1.000 0.000 0.000
12.9189 0.0027083 1.000 0.000 0.000
13.1031 0.00313995 1.000 0.000 0.000
13.261 0.00302082 1.000 0.000 0.000
13.4282 0.00344694 1.000 0.000 0.000
13.6049 0.0033694 1.000 0.000 0.000
13.829 0.00268377 1.000 0.000 0.000
14.0721 0.00296634 1.000 0.000 0.000
14.2961 0.00309737 1.000 0.000 0.000
14.5158 0.0031115 1.000 0.000 0.000
14.7629 0.00319035 1.000 0.000 0.000
15.0061 0.00307631 1.000 0.000 0.000
15.2284 0.00387983 1.000 0.000 0.000
15.4708 0.00355041 1.000 0.000 0.000
15.7771 0.00304151 1.000 0.000 0.000
16.0632 0.00377534 1.000 0.000 0.000
16.3456 0.00341571 1.000 0.000 0.000
16.6692 0.00348637 1.000 0.000 0.000
16.9715 0.00371569 1.000 0.000 0.000
17.3453 0.0030346 1.000 0.000 0.000
17.7466 0.00353429 1.000 0.000 0.000
18.1374 0.00367366 1.000 0.000 0.000
18.5672 0.00350227 1.000 0.000 0.000
18.9658 0.00415389 1.000 0.000 0.000
19.4151 0.00376676 1.000 0.000 0.000
19.9294 0.0039153 1.000 0.000 0.000
20.3794 0.0048269 1.000 0.000 0.000
20.8509 0.0044372 1.000 0.000 0.000
21.3915 0.0046017 1.000 0.000 0.000
21.994 0.00466495 1.000 0.000 0.000
22.5765 0.00490438 1.000 0.000 0.000
23.1744 0.00591026 1.000 0.000 0.000
23.9442 0.00467557 1.000 0.000 0.000
25.1334 0.00437704 1.000 0.000 0.000
26.5835 0.00516785 1.000 0.000 0.000
28.0408 0.00544548 1.000 0.000 0.000
29.5459 0.00662232 1.000 0.000 0.000
30.9457 0.00771278 1.000 0.000 0.000
32.5535 0.00814563 1.000 0.000 0.000
34.8278 0.00755646 1.000 0.000 0.000
37.4848 0.00839015 1.000 0.000 0.000
40.3886 0.00846685 1.000 0.000 0.000
43.5173 0.0102733 1.000 0.000 0.000
46.8628 0.0125219 1.000 0.000 0.000
50.4655 0.0126652 1.000 0.000 0.000
54.227 0.0143861 1.000 0.000 0.000
58.2371 0.0194254 1.000 0.000 0.000
63.0224 0.0155431 1.000 0.000 0.000
68.1637 0.0191184 1.000 0.000 0.000
73.7647 0.0225213 1.000 0.000 0.000
78.7464 0.0387039 1.000 0.000 0.000
# 0.000 1.000 0.000
2.97233 0.0261107 0.000 1.000 0.000
3.01143 0.025063 0.000 1.000 0.000
3.05105 0.0256398 0.000 1.000 0.000
3.09119 0.0223681 0.000 1.000 0.000
3.13015 0.0259922 0.000 1.000 0.000
3.16961 0.0231446 0.000 1.000 0.000
3.20956 0.0215195 0.000 1.000 0.000
3.25002 0.0223173 0.000 1.000 0.000
3.28919 0.0233032 0.000 1.000 0.000
3.32884 0.021865 0.000 1.000 0.000
3.36713 0.0201455 0.000 1.000 0.000
3.40771 0.0205623 0.000 1.000 0.000
3.44691 0.018435 0.000 1.000 0.000
3.48656 0.0195139 0.000 1.000 0.000
3.52666 0.0197372 0.000 1.000 0.000
3.56528 0.0169853 0.000 1.000 0.000
3.60629 0.0189884 0.000 1.000 0.000
3.64579 0.019963 0.000 1.000 0.000
3.68571 0.0172579 0.000 1.000 0.000
3.72405 0.0135907 0.000 1.000 0.000
3.76483 0.0162667 0.000 1.000 0.000
3.80399 0.0163037 0.000 1.000 0.000
3.84356 0.0164154 0.000 1.000 0.000
3.88354 0.0152975 0.000 1.000 0.000
3.92393 0.0163037 0.000 1.000 0.000
3.96258 0.0143534 0.000 1.000 0.000
4.00162 0.0141266 0.000 1.000 0.000
4.04104 0.0136527 0.000 1.000 0.000
4.08085 0.014617 0.000 1.000 0.000
4.12105 0.0128392 0.000 1.000 0.000
4.16165 0.0146503 0.000 1.000 0.000
4.20036 0.0127519 0.000 1.000 0.000
4.24173 0.0115898 0.000 1.000 0.000
4.28119 0.0123803 0.000 1.000 0.000
4.32101 0.0115898 0.000 1.000 0.000
4.35882 0.0108745 0.000 1.000 0.000
4.39937 0.0119649 0.000 1.000 0.000
4.44029 0.0123241 0.000 1.000 0.000
4.47915 0.0109241 0.000 1.000 0.000
4.51835 0.0109989 0.000 1.000 0.000
4.57779 0.00968319 0.000 1.000 0.000
4.63802 0.00959547 0.000 1.000 0.000
4.69904 0.00974951 0.000 1.000 0.000
4.77904 0.00864201 0.000 1.000 0.000
4.85777 0.00880074 0.000 1.000 0.000
4.93778 0.00846685 0.000 1.000 0.000
5.01639 0.00904433 0.000 1.000 0.000
5.09624 0.00809023 0.000 1.000 0.000
5.17737 0.00839015 0.000 1.000 0.000
5.25693 0.00767777 0.000 1.000 0.000
5.3348 0.00669808 0.000 1.000 0.000
5.41677 0.00705791 0.000 1.000 0.000
5.49402 0.00764291 0.000 1.000 0.000
5.5754 0.00601882 0.000 1.000 0.000
5.65491 0.0062847 0.000 1.000 0.000
5.73555 0.00685222 0.000 1.000 0.000
5.81417 0.00653253 0.000 1.000 0.000
5.91316 0.00563452 0.000 1.000 0.000
6.01384 0.00619949 0.000 1.000 0.000
6.1129 0.00527476 0.000 1.000 0.000
6.23393 0.00581688 0.000 1.000 0.000
6.3539 0.00509779 0.000 1.000 0.000
6.47617 0.00493797 0.000 1.000 0.000
6.6152 0.00428833 0.000 1.000 0.000
6.77563 0.00442712 0.000 1.000 0.000
6.93617 0.00471832 0.000 1.000 0.000
7.11601 0.00421098 0.000 1.000 0.000
7.31642 0.00376676 0.000 1.000 0.000
7.53478 0.00361562 0.000 1.000 0.000
7.75544 0.00398722 0.000 1.000 0.000
7.97821 0.00379256 0.000 1.000 0.000
8.23872 0.00326377 0.000 1.000 0.000
8.55887 0.0032712 0.000 1.000 0.000
8.92055 0.00334648 0.000 1.000 0.000
9.30259 0.00292612 0.000 1.000 0.000
9.74865 0.00286681 0.000 1.000 0.000
10.2495 0.00283438 0.000 1.000 0.000
10.9179 0.00268988 0.000 1.000 0.000
11.6616 0.00340795 0.000 1.000 0.000
12.6336 0.00266551 0.000 1.000 0.000
13.9728 0.00307631 0.000 1.000 0.000
15.6317 0.0032049 0.000 1.000 0.000
18.0783 0.00347845 0.000 1.000 0.000
21.6611 0.00440702 0.000 1.000 0.000
27.4366 0.00644397 0.000 1.000 0.000
37.4236 0.00896239 0.000 1.000 0.000
54.642 0.0139987 0.000 1.000 0.000
73.2443 0.00831414 0.000 1.000 0.000
# 0.000 0.000 1.000
2.97233 0.0267116 0.000 0.000 1.000
3.01143 0.0260514 0.000 0.000 1.000
3.05105 0.0248925 0.000 0.000 1.000
3.09119 0.0259922 0.000 0.000 1.000
3.13015 0.0252347 0.000 0.000 1.000
3.16961 0.0237312 0.000 0.000 1.000
3.20956 0.0231974 0.000 0.000 1.000
3.25002 0.0223173 0.000 0.000 1.000
3.28919 0.0219647 0.000 0.000 1.000
3.32884 0.0217162 0.000 0.000 1.000
3.36713 0.0212277 0.000 0.000 1.000
3.40771 0.0212761 0.000 0.000 1.000
3.44691 0.0210354 0.000 0.000 1.000
3.48656 0.0201914 0.000 0.000 1.000
3.52666 0.0195584 0.000 0.000 1.000
3.56528 0.0192494 0.000 0.000 1.000
3.60629 0.018435 0.000 0.000 1.000
3.64579 0.0179385 0.000 0.000 1.000
3.68571 0.0178571 0.000 0.000 1.000
3.72405 0.0168314 0.000 0.000 1.000
3.76483 0.016641 0.000 0.000 1.000
3.80399 0.0167169 0.000 0.000 1.000
3.84356 0.0154374 0.000 0.000 1.000
3.88354 0.0151935 0.000 0.000 1.000
3.92393 0.0153673 0.000 0.000 1.000
3.96258 0.0142882 0.000 0.000 1.000
4.00162 0.0146837 0.000 0.000 1.000
4.04104 0.0145507 0.000 0.000 1.000
4.08085 0.0141588 0.000 0.000 1.000
4.12105 0.0142234 0.000 0.000 1.000
4.16165 0.0133152 0.000 0.000 1.000
4.20036 0.0123521 0.000 0.000 1.000
4.24173 0.0128685 0.000 0.000 1.000
4.28119 0.0125219 0.000 0.000 1.000
4.32101 0.0118565 0.000 0.000 1.000
4.35882 0.0116427 0.000 0.000 1.000
4.39937 0.0114587 0.000 0.000 1.000
4.44029 0.0114848 0.000 0.000 1.000
4.47915 0.0114587 0.000 0.000 1.000
4.51835 0.0110743 0.000 0.000 1.000
4.55789 0.0107515 0.000 0.000 1.000
4.59778 0.0106784 0.000 0.000 1.000
4.63802 0.0107515 0.000 0.000 1.000
4.67861 0.00979397 0.000 0.000 1.000
4.71699 0.00925245 0.000 0.000 1.000
4.75827 0.00935831 0.000 0.000 1.000
4.7973 0.0095302 0.000 0.000 1.000
4.83665 0.00884088 0.000 0.000 1.000
4.87632 0.00878074 0.000 0.000 1.000
4.91632 0.00966118 0.000 0.000 1.000
4.95664 0.00837108 0.000 0.000 1.000
4.9973 0.00882079 0.000 0.000 1.000
5.03555 0.00854426 0.000 0.000 1.000
5.07685 0.00840926 0.000 0.000 1.000
5.11571 0.00812712 0.000 0.000 1.000
5.15767 0.00880074 0.000 0.000 1.000
5.19715 0.00785445 0.000 0.000 1.000
5.23692 0.00771278 0.000 0.000 1.000
5.277 0.00720392 0.000 0.000 1.000
5.3145 0.00725326 0.000 0.000 1.000
5.35517 0.00738648 0.000 0.000 1.000
5.39616 0.00747099 0.000 0.000 1.000
5.4345 0.00759092 0.000 0.000 1.000
5.47609 0.00718755 0.000 0.000 1.000
5.515 0.00747099 0.000 0.000 1.000
5.55418 0.00705791 0.000 0.000 1.000
5.59365 0.00669808 0.000 0.000 1.000
5.63646 0.00666767 0.000 0.000 1.000
5.6765 0.0062847 0.000 0.000 1.000
5.71372 0.00615732 0.000 0.000 1.000
5.75432 0.00653253 0.000 0.000 1.000
5.7952 0.00666767 0.000 0.000 1.000
5.8332 0.00621361 0.000 0.000 1.000
5.87465 0.00622776 0.000 0.000 1.000
5.91316 0.00591026 0.000 0.000 1.000
5.95518 0.00592372 0.000 0.000 1.000
5.99422 0.00593721 0.000 0.000 1.000
6.03352 0.00563452 0.000 0.000 1.000
6.07308 0.00564735 0.000 0.000 1.000
6.1129 0.00567311 0.000 0.000 1.000
6.15298 0.00587006 0.000 0.000 1.000
6.19333 0.0051094 0.000 0.000 1.000
6.23393 0.0051327 0.000 0.000 1.000
6.27481 0.00559619 0.000 0.000 1.000
6.31595 0.00573801 0.000 0.000 1.000
6.3539 0.00515611 0.000 0.000 1.000
6.39556 0.00496049 0.000 0.000 1.000
6.43399 0.0054331 0.000 0.000 1.000
6.47617 0.00404202 0.000 0.000 1.000
6.51509 0.00519142 0.000 0.000 1.000
6.55423 0.00494922 0.000 0.000 1.000
6.59362 0.00491556 0.000 0.000 1.000
6.63324 0.00491556 0.000 0.000 1.000
6.67309 0.00438701 0.000 0.000 1.000
6.71319 0.00484891 0.000 0.000 1.000
6.75353 0.0045704 0.000 0.000 1.000
6.7941 0.00433739 0.000 0.000 1.000
6.83493 0.0047076 0.000 0.000 1.000
6.876 0.00438701 0.000 0.000 1.000
6.91355 0.00463322 0.000 0.000 1.000
6.95509 0.00461218 0.000 0.000 1.000
6.99688 0.00449819 0.000 0.000 1.000
7.03509 0.0042981 0.000 0.000 1.000
7.0735 0.00425916 0.000 0.000 1.000
7.11601 0.00408826 0.000 0.000 1.000
7.15487 0.00398722 0.000 0.000 1.000
7.19394 0.00442712 0.000 0.000 1.000
7.23716 0.00449819 0.000 0.000 1.000
7.27669 0.00464377 0.000 0.000 1.000
7.31642 0.00433739 0.000 0.000 1.000
7.35638 0.00393316 0.000 0.000 1.000
7.39655 0.00369882 0.000 0.000 1.000
7.43694 0.00423982 0.000 0.000 1.000
7.47755 0.00351025 0.000 0.000 1.000
7.51839 0.00393316 0.000 0.000 1.000
7.55533 0.00405122 0.000 0.000 1.000
7.59659 0.00334648 0.000 0.000 1.000
7.63807 0.00416335 0.000 0.000 1.000
7.6756 0.00392422 0.000 0.000 1.000
7.71752 0.00387102 0.000 0.000 1.000
7.75544 0.00383595 0.000 0.000 1.000
7.79779 0.00382723 0.000 0.000 1.000
7.8361 0.00369882 0.000 0.000 1.000
7.8789 0.00372415 0.000 0.000 1.000
7.91761 0.00380985 0.000 0.000 1.000
7.95651 0.00386222 0.000 0.000 1.000
7.99996 0.00397816 0.000 0.000 1.000
8.0568 0.00316145 0.000 0.000 1.000
8.11847 0.00403283 0.000 0.000 1.000
8.15836 0.00396911 0.000 0.000 1.000
8.2208 0.00310443 0.000 0.000 1.000
8.29726 0.00339247 0.000 0.000 1.000
8.379 0.00329361 0.000 0.000 1.000
8.46154 0.00352626 0.000 0.000 1.000
8.54024 0.00319035 0.000 0.000 1.000
8.61968 0.00295959 0.000 0.000 1.000
8.69985 0.00347054 0.000 0.000 1.000
8.78077 0.00338477 0.000 0.000 1.000
8.86244 0.00297986 0.000 0.000 1.000
8.94488 0.00337707 0.000 0.000 1.000
9.02316 0.00351025 0.000 0.000 1.000
9.10213 0.0032049 0.000 0.000 1.000
9.18179 0.0030277 0.000 0.000 1.000
9.26214 0.00347845 0.000 0.000 1.000
9.3432 0.00297309 0.000 0.000 1.000
9.42497 0.00316145 0.000 0.000 1.000
9.50746 0.00302082 0.000 0.000 1.000
9.58544 0.00271447 0.000 0.000 1.000
9.66933 0.00293946 0.000 0.000 1.000
9.74865 0.00292612 0.000 0.000 1.000
9.85004 0.00274553 0.000 0.000 1.000
9.94708 0.00311859 0.000 0.000 1.000
10.0287 0.00309034 0.000 0.000 1.000
10.1109 0.0030346 0.000 0.000 1.000
10.1939 0.00354234 0.000 0.000 1.000
10.2943 0.00277694 0.000 0.000 1.000
10.4127 0.00313995 0.000 0.000 1.000
10.5325 0.00291947 0.000 0.000 1.000
10.6536 0.00279596 0.000 0.000 1.000
10.7762 0.00293278 0.000 0.000 1.000
10.9001 0.00268988 0.000 0.000 1.000
11.0195 0.00286681 0.000 0.000 1.000
11.1584 0.00269601 0.000 0.000 1.000
11.299 0.00329361 0.000 0.000 1.000
11.4228 0.00321952 0.000 0.000 1.000
11.5667 0.00258195 0.000 0.000 1.000
11.7445 0.00254694 0.000 0.000 1.000
11.9444 0.00265341 0.000 0.000 1.000
12.1478 0.00257608 0.000 0.000 1.000
12.3546 0.00261149 0.000 0.000 1.000
12.5513 0.00284084 0.000 0.000 1.000
12.7581 0.00301396 0.000 0.000 1.000
12.9965 0.00279596 0.000 0.000 1.000
13.261 0.00278326 0.000 0.000 1.000
13.5236 0.0027896 0.000 0.000 1.000
13.7914 0.00295287 0.000 0.000 1.000
14.0721 0.00282794 0.000 0.000 1.000
14.3977 0.00298665 0.000 0.000 1.000
14.7228 0.00342349 0.000 0.000 1.000
15.1045 0.00264738 0.000 0.000 1.000
15.5299 0.00337707 0.000 0.000 1.000
15.9586 0.00304844 0.000 0.000 1.000
16.3902 0.00370725 0.000 0.000 1.000
16.7694 0.00404202 0.000 0.000 1.000
17.12 0.0039511 0.000 0.000 1.000
17.5257 0.00341571 0.000 0.000 1.000
18.0095 0.00364038 0.000 0.000 1.000
18.5268 0.00367366 0.000 0.000 1.000
19.0278 0.00414445 0.000 0.000 1.000
19.5851 0.0037582 0.000 0.000 1.000
20.3129 0.00366531 0.000 0.000 1.000
21.1367 0.00410691 0.000 0.000 1.000
21.8864 0.00481593 0.000 0.000 1.000
22.7493 0.00480498 0.000 0.000 1.000
23.8012 0.00473984 0.000 0.000 1.000
25.0514 0.00459124 0.000 0.000 1.000
26.4679 0.00552032 0.000 0.000 1.000
27.9494 0.00637108 0.000 0.000 1.000
29.5137 0.00581688 0.000 0.000 1.000
31.0809 0.00656233 0.000 0.000 1.000
32.91 0.00792625 0.000 0.000 1.000
35.3822 0.00654741 0.000 0.000 1.000
38.1231 0.00820142 0.000 0.000 1.000
40.7865 0.0105816 0.000 0.000 1.000
43.7788 0.0103436 0.000 0.000 1.000
47.2472 0.0113808 0.000 0.000 1.000
50.9349 0.0117759 0.000 0.000 1.000
54.7612 0.017615 0.000 0.000 1.000
59.1641 0.0149875 0.000 0.000 1.000
64.4103 0.0152281 0.000 0.000 1.000
69.931 0.0270787 0.000 0.000 1.000
76.2149 0.0131646 0.000 0.000 1.000
80 0.0588248 0.000 0.000 1.000
# 0.000 1.000 1.000
0.528561 0.00104161 0.000 1.000 1.000
0.605654 0.0028151 0.000 1.000 1.000
0.658641 0.0040054 0.000 1.000 1.000
0.701974 0.00488212 0.000 1.000 1.000
0.735634 0.0062847 0.000 1.000 1.000
0.764636 0.00803519 0.000 1.000 1.000
0.788745 0.00880074 0.000 1.000 1.000
0.808313 0.011201 0.000 1.000 1.000
0.827466 0.010949 0.000 1.000 1.000
0.846611 0.0113549 0.000 1.000 1.000
0.866199 0.0110743 0.000 1.000 1.000
0.885758 0.0139987 0.000 1.000 1.000
0.904772 0.0140305 0.000 1.000 1.000
0.919175 0.0169467 0.000 1.000 1.000
0.933807 0.0149194 0.000 1.000 1.000
0.948672 0.0178165 0.000 1.000 1.000
0.958018 0.016755 0.000 1.000 1.000
0.967982 0.0189884 0.000 1.000 1.000
0.977518 0.0167169 0.000 1.000 1.000
0.987148 0.0172579 0.000 1.000 1.000
0.996872 0.0210354 0.000 1.000 1.000
1.00669 0.0215685 0.000 1.000 1.000
1.01661 0.0179385 0.000 1.000 1.000
1.02607 0.0219647 0.000 1.000 1.000
1.03561 0.0221151 0.000 1.000 1.000
1.04524 0.0235162 0.000 1.000 1.000
1.05496 0.0235698 0.000 1.000 1.000
1.06478 0.0249492 0.000 1.000 1.000
1.07468 0.0278915 0.000 1.000 1.000
1.08409 0.0240027 0.000 1.000 1.000
1.09417 0.0233032 0.000 1.000 1.000
1.10374 0.0276389 0.000 1.000 1.000
1.1134 0.0289256 0.000 1.000 1.000
1.12315 0.0304795 0.000 1.000 1.000
1.13298 0.0258742 0.000 1.000 1.000
1.14289 0.0295239 0.000 1.000 1.000
1.15227 0.0285334 0.000 1.000 1.000
1.16235 0.0326324 0.000 1.000 1.000
1.17189 0.0297261 0.000 1.000 1.000
1.1815 0.0275761 0.000 1.000 1.000
1.19119 0.033081 0.000 1.000 1.000
1.20096 0.0327068 0.000 1.000 1.000
1.21081 0.0336886 0.000 1.000 1.000
1.22074 0.0327813 0.000 1.000 1.000
1.23009 0.0327813 0.000 1.000 1.000
1.24018 0.0326324 0.000 1.000 1.000
1.24967 0.0342294 0.000 1.000 1.000
1.25923 0.0341516 0.000 1.000 1.000
1.26887 0.0342294 0.000 1.000 1.000
1.27858 0.0338422 0.000 1.000 1.000
1.28837 0.0324843 0.000 1.000 1.000
1.29823 0.0368144 0.000 1.000 1.000
1.30816 0.0349375 0.000 1.000 1.000
1.31818 0.0327068 0.000 1.000 1.000
1.32754 0.0406905 0.000 1.000 1.000
1.3377 0.038616 0.000 1.000 1.000
1.34721 0.0400476 0.000 1.000 1.000
1.35678 0.0341516 0.000 1.000 1.000
1.36642 0.0417217 0.000 1.000 1.000
1.37613 0.0406905 0.000 1.000 1.000
1.3859 0.036564 0.000 1.000 1.000
1.39575 0.0379195 0.000 1.000 1.000
1.40567 0.0335356 0.000 1.000 1.000
1.41566 0.0328559 0.000 1.000 1.000
1.42494 0.0406905 0.000 1.000 1.000
1.43506 0.0385282 0.000 1.000 1.000
1.44447 0.0377473 0.000 1.000 1.000
1.45473 0.036564 0.000 1.000 1.000
1.46427 0.0376616 0.000 1.000 1.000
1.47387 0.0357415 0.000 1.000 1.000
1.48354 0.0407832 0.000 1.000 1.000
1.49326 0.0426818 0.000 1.000 1.000
1.50305 0.0395046 0.000 1.000 1.000
1.51291 0.042488 0.000 1.000 1.000
1.52283 0.0445672 0.000 1.000 1.000
1.53281 0.043664 0.000 1.000 1.000
1.54202 0.042199 0.000 1.000 1.000
1.55213 0.0367307 0.000 1.000 1.000
1.56146 0.0407832 0.000 1.000 1.000
1.5717 0.0359045 0.000 1.000 1.000
1.58114 0.0456967 0.000 1.000 1.000
1.59151 0.0438631 0.000 1.000 1.000
1.60107 0.0369823 0.000 1.000 1.000
1.61069 0.0471756 0.000 1.000 1.000
1.62567 0.0396848 0.000 1.000 1.000
1.6399 0.044466 0.000 1.000 1.000
1.64976 0.0502786 0.000 1.000 1.000
1.65967 0.0423914 0.000 1.000 1.000
1.66964 0.0459051 0.000 1.000 1.000
1.68425 0.0395946 0.000 1.000 1.000
1.70363 0.0400476 0.000 1.000 1.000
1.71854 0.0433669 0.000 1.000 1.000
1.73263 0.0366472 0.000 1.000 1.000
1.7478 0.0487024 0.000 1.000 1.000
1.76213 0.0396848 0.000 1.000 1.000
1.77755 0.0521426 0.000 1.000 1.000
1.79213 0.0422951 0.000 1.000 1.000
1.81176 0.0428764 0.000 1.000 1.000
1.8306 0.0438631 0.000 1.000 1.000
1.85065 0.0461144 0.000 1.000 1.000
1.8699 0.0463247 0.000 1.000 1.000
1.88935 0.0432684 0.000 1.000 1.000
1.909 0.0464302 0.000 1.000 1.000
1.92886 0.044466 0.000 1.000 1.000
1.94892 0.0428764 0.000 1.000 1.000
1.96812 0.043072 0.000 1.000 1.000
1.98751 0.0357415 0.000 1.000 1.000
2.00709 0.0434657 0.000 1.000 1.000
2.02686 0.0407832 0.000 1.000 1.000
2.04683 0.0387039 0.000 1.000 1.000
2.0715 0.0363153 0.000 1.000 1.000
2.09532 0.0418167 0.000 1.000 1.000
2.11597 0.040598 0.000 1.000 1.000
2.1403 0.0355792 0.000 1.000 1.000
2.16964 0.0397752 0.000 1.000 1.000
2.19939 0.0337653 0.000 1.000 1.000
2.22832 0.040876 0.000 1.000 1.000
2.25764 0.0399566 0.000 1.000 1.000
2.28734 0.0409692 0.000 1.000 1.000
2.32249 0.0425848 0.000 1.000 1.000
2.35689 0.0407832 0.000 1.000 1.000
2.3853 0.0415322 0.000 1.000 1.000
2.42063 0.0377473 0.000 1.000 1.000
2.46453 0.0353372 0.000 1.000 1.000
2.51333 0.0327068 0.000 1.000 1.000
2.56309 0.0346999 0.000 1.000 1.000
2.60815 0.036564 0.000 1.000 1.000
2.65689 0.0333075 0.000 1.000 1.000
2.71097 0.03219 0.000 1.000 1.000
2.76465 0.0309688 0.000 1.000 1.000
2.81478 0.0373204 0.000 1.000 1.000
2.86427 0.0269558 0.000 1.000 1.000
2.92257 0.0304102 0.000 1.000 1.000
2.98205 0.0299297 0.000 1.000 1.000
3.06104 0.0244436 0.000 1.000 1.000
3.15583 0.0262298 0.000 1.000 1.000
3.24471 0.0232502 0.000 1.000 1.000
3.33791 0.0212277 0.000 1.000 1.000
3.44691 0.0179794 0.000 1.000 1.000
3.56528 0.0199176 0.000 1.000 1.000
3.69979 0.018268 0.000 1.000 1.000
3.909 0.0127519 0.000 1.000 1.000
4.22559 0.011252 0.000 1.000 1.000
4.65827 0.0103908 0.000 1.000 1.000
5.91316 0.00583013 0.000 1.000 1.000
# 1.000 0.000 1.000
0.5 0.000961887 1.000 0.000 1.000
0.543151 0.0008 1.000 0.000 1.000
0.586503 0.0015581 1.000 0.000 1.000
0.620005 0.00235735 1.000 0.000 1.000
0.644097 0.0032342 1.000 0.000 1.000
0.66332 0.00374114 1.000 0.000 1.000
0.682745 0.00346266 1.000 0.000 1.000
0.701974 0.00428833 1.000 0.000 1.000
0.721352 0.00507464 1.000 0.000 1.000
0.740458 0.00562172 1.000 0.000 1.000
0.759655 0.00610154 1.000 0.000 1.000
0.774274 0.00748801 1.000 0.000 1.000
0.784034 0.00773035 1.000 0.000 1.000
0.793484 0.00781879 1.000 0.000 1.000
0.803485 0.00812712 1.000 0.000 1.000
0.81317 0.00839015 1.000 0.000 1.000
0.822523 0.00794431 1.000 0.000 1.000
0.832438 0.00831414 1.000 0.000 1.000
0.842013 0.00963923 1.000 0.000 1.000
0.851698 0.00918952 1.000 0.000 1.000
0.861494 0.00988351 1.000 0.000 1.000
0.870929 0.0101802 1.000 0.000 1.000
0.880467 0.00997386 1.000 0.000 1.000
0.890595 0.0111501 1.000 0.000 1.000
0.899858 0.0113291 1.000 0.000 1.000
0.909713 0.0127229 1.000 0.000 1.000
0.919175 0.0107515 1.000 0.000 1.000
0.929241 0.0129566 1.000 0.000 1.000
0.938907 0.014617 1.000 0.000 1.000
0.948672 0.0139351 1.000 0.000 1.000
0.958018 0.0146503 1.000 0.000 1.000
0.967982 0.0168697 1.000 0.000 1.000
0.977518 0.0154725 1.000 0.000 1.000
0.987148 0.0157926 1.000 0.000 1.000
0.996872 0.0163781 1.000 0.000 1.000
1.00669 0.0178571 1.000 0.000 1.000
1.01661 0.0168314 1.000 0.000 1.000
1.02607 0.020376 1.000 0.000 1.000
1.03561 0.0191184 1.000 0.000 1.000
1.04524 0.0189452 1.000 0.000 1.000
1.05496 0.0209399 1.000 0.000 1.000
1.06478 0.0206091 1.000 0.000 1.000
1.07468 0.021865 1.000 0.000 1.000
1.08409 0.0212761 1.000 0.000 1.000
1.09417 0.0243326 1.000 0.000 1.000
1.10374 0.0240027 1.000 0.000 1.000
1.1134 0.0223173 1.000 0.000 1.000
1.12315 0.0261702 1.000 0.000 1.000
1.13298 0.025063 1.000 0.000 1.000
1.14289 0.0278282 1.000 0.000 1.000
1.15227 0.0269558 1.000 0.000 1.000
1.16235 0.0267724 1.000 0.000 1.000
1.17189 0.0268334 1.000 0.000 1.000
1.1815 0.0284038 1.000 0.000 1.000
1.19119 0.0306882 1.000 0.000 1.000
1.20096 0.0262895 1.000 0.000 1.000
1.21081 0.0293899 1.000 0.000 1.000
1.22074 0.0291237 1.000 0.000 1.000
1.23009 0.0289256 1.000 0.000 1.000
1.24018 0.02919 1.000 0.000 1.000
1.24967 0.0339966 1.000 0.000 1.000
1.25923 0.0329308 1.000 0.000 1.000
1.26887 0.0336886 1.000 0.000 1.000
1.27858 0.0336886 1.000 0.000 1.000
1.28837 0.0328559 1.000 0.000 1.000
1.29823 0.0326324 1.000 0.000 1.000
1.30816 0.0315376 1.000 0.000 1.000
1.31818 0.0366472 1.000 0.000 1.000
1.32754 0.0355792 1.000 0.000 1.000
1.3377 0.034074 1.000 0.000 1.000
1.34721 0.0360682 1.000 0.000 1.000
1.35678 0.0361504 1.000 0.000 1.000
1.36642 0.0338422 1.000 0.000 1.000
1.37613 0.0350968 1.000 0.000 1.000
1.3859 0.0383533 1.000 0.000 1.000
1.39575 0.0355792 1.000 0.000 1.000
1.40567 0.0373204 1.000 0.000 1.000
1.41566 0.0390578 1.000 0.000 1.000
1.42494 0.0385282 1.000 0.000 1.000
1.43506 0.0379195 1.000 0.000 1.000
1.44447 0.0344638 1.000 0.000 1.000
1.45473 0.0398658 1.000 0.000 1.000
1.46427 0.0370665 1.000 0.000 1.000
1.47387 0.038969 1.000 0.000 1.000
1.48354 0.0416268 1.000 0.000 1.000
1.49326 0.0414379 1.000 0.000 1.000
1.50305 0.0367307 1.000 0.000 1.000
1.51291 0.0381792 1.000 0.000 1.000
1.52283 0.0404137 1.000 0.000 1.000
1.53281 0.0390578 1.000 0.000 1.000
1.54202 0.0421031 1.000 0.000 1.000
1.55213 0.0416268 1.000 0.000 1.000
1.56146 0.0412497 1.000 0.000 1.000
1.5717 0.0429741 1.000 0.000 1.000
1.58114 0.043963 1.000 0.000 1.000
1.59151 0.043664 1.000 0.000 1.000
1.60107 0.043963 1.000 0.000 1.000
1.61069 0.0453858 1.000 0.000 1.000
1.62037 0.0467482 1.000 0.000 1.000
1.63011 0.0421031 1.000 0.000 1.000
1.6399 0.042488 1.000 0.000 1.000
1.64976 0.043072 1.000 0.000 1.000
1.65967 0.0412497 1.000 0.000 1.000
1.66964 0.0435647 1.000 0.000 1.000
1.67876 0.0407832 1.000 0.000 1.000
1.68885 0.0380059 1.000 0.000 1.000
1.69899 0.0420074 1.000 0.000 1.000
1.70827 0.043664 1.000 0.000 1.000
1.71854 0.0420074 1.000 0.000 1.000
1.72792 0.0388805 1.000 0.000 1.000
1.7383 0.0445672 1.000 0.000 1.000
1.7478 0.042488 1.000 0.000 1.000
1.75734 0.0438631 1.000 0.000 1.000
1.76694 0.044466 1.000 0.000 1.000
1.77755 0.0453858 1.000 0.000 1.000
1.78726 0.0406905 1.000 0.000 1.000
1.79702 0.043072 1.000 0.000 1.000
1.80683 0.0461144 1.000 0.000 1.000
1.8167 0.0420074 1.000 0.000 1.000
1.82563 0.0445672 1.000 0.000 1.000
1.8356 0.043664 1.000 0.000 1.000
1.84562 0.0476069 1.000 0.000 1.000
1.8557 0.0480421 1.000 0.000 1.000
1.86482 0.042488 1.000 0.000 1.000
1.875 0.0387039 1.000 0.000 1.000
1.88524 0.0429741 1.000 0.000 1.000
1.8945 0.0447705 1.000 0.000 1.000
1.90485 0.043072 1.000 0.000 1.000
1.91421 0.0435647 1.000 0.000 1.000
1.92361 0.038616 1.000 0.000 1.000
1.93412 0.042488 1.000 0.000 1.000
1.94362 0.0401388 1.000 0.000 1.000
1.95317 0.0459051 1.000 0.000 1.000
1.96384 0.043664 1.000 0.000 1.000
1.97349 0.0459051 1.000 0.000 1.000
1.98318 0.0404137 1.000 0.000 1.000
1.99293 0.0472831 1.000 0.000 1.000
2.00272 0.0443649 1.000 0.000 1.000
2.01256 0.0433669 1.000 0.000 1.000
2.02245 0.0401388 1.000 0.000 1.000
2.03239 0.0460096 1.000 0.000 1.000
2.04237 0.040876 1.000 0.000 1.000
2.05129 0.0373204 1.000 0.000 1.000
2.06137 0.043072 1.000 0.000 1.000
2.0715 0.0423914 1.000 0.000 1.000
2.08054 0.0410625 1.000 0.000 1.000
2.09077 0.0385282 1.000 0.000 1.000
2.10104 0.0339966 1.000 0.000 1.000
2.11021 0.0415322 1.000 0.000 1.000
2.12058 0.038616 1.000 0.000 1.000
2.12984 0.042488 1.000 0.000 1.000
2.1403 0.0421031 1.000 0.000 1.000
2.14965 0.037576 1.000 0.000 1.000
2.16021 0.046536 1.000 0.000 1.000
2.16964 0.0366472 1.000 0.000 1.000
2.17912 0.0405057 1.000 0.000 1.000
2.18863 0.0413437 1.000 0.000 1.000
2.19939 0.0410625 1.000 0.000 1.000
2.21381 0.0407832 1.000 0.000 1.000
2.22832 0.0396848 1.000 0.000 1.000
2.24293 0.0395046 1.000 0.000 1.000
2.25764 0.043664 1.000 0.000 1.000
2.27244 0.0374906 1.000 0.000 1.000
2.29233 0.0428764 1.000 0.000 1.000
2.31239 0.0404137 1.000 0.000 1.000
2.33136 0.0417217 1.000 0.000 1.000
2.35176 0.0376616 1.000 0.000 1.000
2.37105 0.0368982 1.000 0.000 1.000
2.3853 0.0431701 1.000 0.000 1.000
2.40094 0.0358229 1.000 0.000 1.000
2.42063 0.0370665 1.000 0.000 1.000
2.44049 0.0396848 1.000 0.000 1.000
2.45917 0.0399566 1.000 0.000 1.000
2.47934 0.0343855 1.000 0.000 1.000
2.49967 0.0270172 1.000 0.000 1.000
2.51881 0.0353372 1.000 0.000 1.000
2.53808 0.0333834 1.000 0.000 1.000
2.55751 0.0327813 1.000 0.000 1.000
2.57849 0.0403219 1.000 0.000 1.000
2.59822 0.0300662 1.000 0.000 1.000
2.61668 0.0326324 1.000 0.000 1.000
2.63671 0.033612 1.000 0.000 1.000
2.65689 0.0293231 1.000 0.000 1.000
2.67577 0.034074 1.000 0.000 1.000
2.69625 0.0372356 1.000 0.000 1.000
2.7154 0.0322633 1.000 0.000 1.000
2.73619 0.0297261 1.000 0.000 1.000
2.75563 0.0349375 1.000 0.000 1.000
2.77521 0.0289914 1.000 0.000 1.000
2.79492 0.0306185 1.000 0.000 1.000
2.81478 0.0304795 1.000 0.000 1.000
2.83478 0.0293899 1.000 0.000 1.000
2.85959 0.0288598 1.000 0.000 1.000
2.88933 0.0299979 1.000 0.000 1.000
2.91303 0.0324105 1.000 0.000 1.000
2.93853 0.0280187 1.000 0.000 1.000
2.96747 0.0272641 1.000 0.000 1.000
2.99671 0.023092 1.000 0.000 1.000
3.02623 0.0268334 1.000 0.000 1.000
3.05604 0.0279551 1.000 0.000 1.000
3.08614 0.0238394 1.000 0.000 1.000
3.11655 0.0295239 1.000 0.000 1.000
3.14553 0.0293231 1.000 0.000 1.000
3.17998 0.0231446 1.000 0.000 1.000
3.21481 0.0243326 1.000 0.000 1.000
3.25002 0.0237852 1.000 0.000 1.000
3.28919 0.0215685 1.000 0.000 1.000
3.3234 0.0257567 1.000 0.000 1.000
3.36346 0.0204689 1.000 0.000 1.000
3.417 0.0190316 1.000 0.000 1.000
3.46762 0.0216669 1.000 0.000 1.000
3.51707 0.0175749 1.000 0.000 1.000
3.575 0.0190316 1.000 0.000 1.000
3.63587 0.0181851 1.000 0.000 1.000
3.69576 0.017615 1.000 0.000 1.000
3.7546 0.0187309 1.000 0.000 1.000
3.81852 0.0169853 1.000 0.000 1.000
3.90262 0.0134982 1.000 0.000 1.000
3.99291 0.0143534 1.000 0.000 1.000
4.08752 0.0138718 1.000 0.000 1.000
4.18665 0.0141266 1.000 0.000 1.000
4.28585 0.0125504 1.000 0.000 1.000
4.40416 0.0111755 1.000 0.000 1.000
4.55789 0.0110995 1.000 0.000 1.000
4.74274 0.0116958 1.000 0.000 1.000
4.981 0.00912701 1.000 0.000 1.000
5.36101 0.00713866 1.000 0.000 1.000
6.06978 0.00538388 1.000 0.000 1.000
7.66307 0.00428833 1.000 0.000 1.000
# 1.000 1.000 0.000
0.538439 0.000904578 1.000 1.000 0.000
0.62475 0.00232539 1.000 1.000 0.000
0.673146 0.00412564 1.000 1.000 0.000
0.706577 0.00471832 1.000 1.000 0.000
0.735634 0.00550778 1.000 1.000 0.000
0.759655 0.00812712 1.000 1.000 0.000
0.784034 0.00728634 1.000 1.000 0.000
0.808313 0.00710625 1.000 1.000 0.000
0.827466 0.00923143 1.000 1.000 0.000
0.846611 0.00906493 1.000 1.000 0.000
0.866199 0.0101109 1.000 1.000 0.000
0.885758 0.00948693 1.000 1.000 0.000
0.904772 0.0111248 1.000 1.000 0.000
0.924194 0.0130454 1.000 1.000 0.000
0.938907 0.0136838 1.000 1.000 0.000
0.948672 0.0135907 1.000 1.000 0.000
0.958018 0.0163409 1.000 1.000 0.000
0.967982 0.018435 1.000 1.000 0.000
0.977518 0.0178571 1.000 1.000 0.000
0.987148 0.0173761 1.000 1.000 0.000
0.996872 0.0189452 1.000 1.000 0.000
1.00669 0.018435 1.000 1.000 0.000
1.01661 0.0193372 1.000 1.000 0.000
1.02607 0.0154725 1.000 1.000 0.000
1.03561 0.020376 1.000 1.000 0.000
1.04524 0.0215685 1.000 1.000 0.000
1.05496 0.022779 1.000 1.000 0.000
1.06478 0.0220147 1.000 1.000 0.000
1.07468 0.0223681 1.000 1.000 0.000
1.08409 0.0237852 1.000 1.000 0.000
1.09417 0.0237852 1.000 1.000 0.000
1.10374 0.0241671 1.000 1.000 0.000
1.1134 0.024555 1.000 1.000 0.000
1.12315 0.0251201 1.000 1.000 0.000
1.13298 0.025006 1.000 1.000 0.000
1.14289 0.0266509 1.000 1.000 0.000
1.15227 0.0279551 1.000 1.000 0.000
1.16235 0.0269558 1.000 1.000 0.000
1.17189 0.0273262 1.000 1.000 0.000
1.1815 0.0315376 1.000 1.000 0.000
1.19119 0.0290575 1.000 1.000 0.000
1.20096 0.0306882 1.000 1.000 0.000
1.21081 0.0311809 1.000 1.000 0.000
1.22074 0.0283393 1.000 1.000 0.000
1.23009 0.0314659 1.000 1.000 0.000
1.24018 0.0337653 1.000 1.000 0.000
1.24967 0.0311809 1.000 1.000 0.000
1.25923 0.0317536 1.000 1.000 0.000
1.26887 0.0281465 1.000 1.000 0.000
1.27858 0.0343855 1.000 1.000 0.000
1.28837 0.0369823 1.000 1.000 0.000
1.29823 0.0323368 1.000 1.000 0.000
1.30816 0.0299979 1.000 1.000 0.000
1.31818 0.0339966 1.000 1.000 0.000
1.32754 0.0393253 1.000 1.000 0.000
1.3377 0.0380059 1.000 1.000 0.000
1.34721 0.036398 1.000 1.000 0.000
1.35678 0.0328559 1.000 1.000 0.000
1.36642 0.0372356 1.000 1.000 0.000
1.37613 0.0316094 1.000 1.000 0.000
1.3859 0.0371509 1.000 1.000 0.000
1.39575 0.037576 1.000 1.000 0.000
1.40567 0.0407832 1.000 1.000 0.000
1.41566 0.0355792 1.000 1.000 0.000
1.42494 0.0372356 1.000 1.000 0.000
1.43506 0.0339193 1.000 1.000 0.000
1.44447 0.0398658 1.000 1.000 0.000
1.45473 0.0382662 1.000 1.000 0.000
1.46427 0.0394148 1.000 1.000 0.000
1.47387 0.0387921 1.000 1.000 0.000
1.48354 0.0374054 1.000 1.000 0.000
1.49326 0.042199 1.000 1.000 0.000
1.50305 0.0404137 1.000 1.000 0.000
1.51291 0.0419119 1.000 1.000 0.000
1.52283 0.0418167 1.000 1.000 0.000
1.53281 0.0440631 1.000 1.000 0.000
1.54202 0.0412497 1.000 1.000 0.000
1.55213 0.0450771 1.000 1.000 0.000
1.56146 0.0420074 1.000 1.000 0.000
1.5717 0.040598 1.000 1.000 0.000
1.58114 0.0395046 1.000 1.000 0.000
1.59151 0.0445672 1.000 1.000 0.000
1.60107 0.0467482 1.000 1.000 0.000
1.61069 0.042488 1.000 1.000 0.000
1.62037 0.042779 1.000 1.000 0.000
1.63011 0.0461144 1.000 1.000 0.000
1.6399 0.0403219 1.000 1.000 0.000
1.64976 0.0363153 1.000 1.000 0.000
1.65967 0.0470684 1.000 1.000 0.000
1.66964 0.0392359 1.000 1.000 0.000
1.67876 0.041156 1.000 1.000 0.000
1.68885 0.0477153 1.000 1.000 0.000
1.69899 0.0410625 1.000 1.000 0.000
1.70827 0.033081 1.000 1.000 0.000
1.71854 0.043072 1.000 1.000 0.000
1.72792 0.0450771 1.000 1.000 0.000
1.7383 0.038616 1.000 1.000 0.000
1.7478 0.046536 1.000 1.000 0.000
1.75734 0.0371509 1.000 1.000 0.000
1.76694 0.0395046 1.000 1.000 0.000
1.77755 0.0388805 1.000 1.000 0.000
1.78726 0.042488 1.000 1.000 0.000
1.79702 0.0396848 1.000 1.000 0.000
1.80683 0.0480421 1.000 1.000 0.000
1.82165 0.0422951 1.000 1.000 0.000
1.8356 0.0470684 1.000 1.000 0.000
1.84562 0.0433669 1.000 1.000 0.000
1.8557 0.0497099 1.000 1.000 0.000
1.8699 0.0440631 1.000 1.000 0.000
1.88935 0.0371509 1.000 1.000 0.000
1.909 0.0428764 1.000 1.000 0.000
1.92361 0.0548189 1.000 1.000 0.000
1.93412 0.0505079 1.000 1.000 0.000
1.94892 0.0418167 1.000 1.000 0.000
1.96812 0.043664 1.000 1.000 0.000
1.98751 0.0421031 1.000 1.000 0.000
2.00709 0.046536 1.000 1.000 0.000
2.02686 0.0426818 1.000 1.000 0.000
2.04683 0.0361504 1.000 1.000 0.000
2.06586 0.0415322 1.000 1.000 0.000
2.08622 0.0404137 1.000 1.000 0.000
2.10562 0.0394148 1.000 1.000 0.000
2.1252 0.0313944 1.000 1.000 0.000
2.14497 0.0414379 1.000 1.000 0.000
2.16492 0.0396848 1.000 1.000 0.000
2.18387 0.0355792 1.000 1.000 0.000
2.20418 0.0396848 1.000 1.000 0.000
2.22347 0.0396848 1.000 1.000 0.000
2.24293 0.0406905 1.000 1.000 0.000
2.2675 0.0423914 1.000 1.000 0.000
2.29233 0.0462195 1.000 1.000 0.000
2.31743 0.0434657 1.000 1.000 0.000
2.34664 0.0374054 1.000 1.000 0.000
2.37622 0.0393253 1.000 1.000 0.000
2.40617 0.0369823 1.000 1.000 0.000
2.43518 0.0397752 1.000 1.000 0.000
2.46453 0.0357415 1.000 1.000 0.000
2.49424 0.0369823 1.000 1.000 0.000
2.52843 0.0327068 1.000 1.000 0.000
2.56309 0.0385282 1.000 1.000 0.000
2.59822 0.0326324 1.000 1.000 0.000
2.64246 0.0279551 1.000 1.000 0.000
2.68599 0.0281465 1.000 1.000 0.000
2.72577 0.0330058 1.000 1.000 0.000
2.76465 0.0302034 1.000 1.000 0.000
2.81019 0.0285334 1.000 1.000 0.000
2.85959 0.0287288 1.000 1.000 0.000
2.90828 0.0283393 1.000 1.000 0.000
2.95779 0.0280187 1.000 1.000 0.000
3.01143 0.0267116 1.000 1.000 0.000
3.07106 0.0266509 1.000 1.000 0.000
3.13015 0.0272022 1.000 1.000 0.000
3.19561 0.020656 1.000 1.000 0.000
3.26421 0.0216176 1.000 1.000 0.000
3.33428 0.0238394 1.000 1.000 0.000
3.42259 0.0193372 1.000 1.000 0.000
3.5209 0.0195584 1.000 1.000 0.000
3.60629 0.0212277 1.000 1.000 0.000
3.69979 0.0166789 1.000 1.000 0.000
3.83311 0.0156852 1.000 1.000 0.000
4.00816 0.0139987 1.000 1.000 0.000
4.19578 0.0156852 1.000 1.000 0.000
4.45482 0.0105336 1.000 1.000 0.000
4.87367 0.00858323 1.000 1.000 0.000
5.76059 0.0061854 1.000 1.000 0.000
6.99688 0.00398722 1.000 1.000 0.000
# 0.000 0.000 0.000
# 1.000 0.000 0.000
# 0.000 1.000 0.000
# 0.000 0.000 1.000
# 0.000 1.000 1.000
# 1.000 0.000 1.000
# 1.000 1.000 0.000
# 0.000 0.000 0.000
# 0.000 1.000 0.000
# 0.000 0.000 0.000
