# Phi[rad]             Energy[keV]    I             Q/I
# I is the mean intensity over the image in units of erg/s/cm^2/sr/keV
           0     0.316228      1321.13  9.28631e-09
           0     0.331285      1352.91   9.3204e-09
           0      0.34706       1376.7  9.36517e-09
           0     0.363585      1392.21    9.414e-09
           0     0.380897      1400.47  9.46171e-09
           0     0.399034      1394.74  9.53217e-09
           0     0.418034      1380.48     9.56e-09
           0      0.43794      1360.64  9.54558e-09
           0     0.458792      1334.66  9.47988e-09
           0     0.480638      1298.38  9.44674e-09
           0     0.503524      1255.93  9.44123e-09
           0       0.5275      1197.29  9.50075e-09
           0     0.552617      1147.04  9.53194e-09
           0      0.57893       1090.1  9.73795e-09
           0     0.606496      1066.01  9.83932e-09
           0     0.635375      1015.71  9.70291e-09
           0     0.665629      1023.28  9.19678e-09
           0     0.697324      1008.78  8.56029e-09
           0     0.730527      1077.97   8.0747e-09
           0     0.765312      1175.62  7.63973e-09
           0     0.801753      1338.29   7.8037e-09
           0     0.839929      1514.59  8.26226e-09
           0     0.879923      1672.19   8.2317e-09
           0     0.921821      1822.32   8.3021e-09
           0     0.965714       2004.3  8.38315e-09
           0       1.0117      2114.93  8.44021e-09
           0      1.05987      2231.78  8.48024e-09
           0      1.11034      2356.62  8.51794e-09
           0      1.16321      2481.76  8.54918e-09
           0      1.21859      2597.08  8.56989e-09
           0      1.27662      2689.58  8.57552e-09
           0       1.3374       2727.8  8.56925e-09
           0      1.40109      2739.72  8.56345e-09
           0       1.4678      2747.42  8.55552e-09
           0      1.53769      2750.29  8.54531e-09
           0      1.61091      2747.65  8.53266e-09
           0      1.68761      2738.75  8.51738e-09
           0      1.76797      2722.77  8.49927e-09
           0      1.85215      2698.81  8.47809e-09
           0      1.94034      2665.89  8.45355e-09
           0      2.03274      2622.93  8.42533e-09
           0      2.12953      2568.76  8.39302e-09
           0      2.23092      2502.09  8.35615e-09
           0      2.33715      2421.56  8.31407e-09
           0      2.44844      2325.64  8.26597e-09
           0      2.56502      2227.47   8.2179e-09
           0      2.68716      2145.82  8.17804e-09
           0      2.81511       2055.4  8.13277e-09
           0      2.94915      1956.37  8.08083e-09
           0      3.08958      1848.81  8.02178e-09
           0      3.23669      1733.27  7.95426e-09
           0      3.39081      1610.57  7.87644e-09
           0      3.55226      1481.97  7.78604e-09
           0      3.72141      1349.19  7.68036e-09
           0       3.8986      1214.44  7.55666e-09
           0      4.08424      1080.68  7.41237e-09
           0      4.27871       951.78  7.24664e-09
           0      4.48245      836.057  7.06933e-09
           0      4.69588      741.055  6.90028e-09
           0      4.91948      656.786  6.73269e-09
           0      5.15372      583.409  6.57637e-09
           0      5.39912      520.777  6.44372e-09
           0      5.65621      468.354  6.34786e-09
           0      5.92553      425.115  6.29896e-09
           0      6.20768      389.417  6.29892e-09
           0      6.50326      358.854  6.33642e-09
           0      6.81292      327.773  6.38992e-09
           0      7.13732      297.527  6.44538e-09
           0      7.47717      269.318  6.50296e-09
           0       7.8332      243.591  6.56382e-09
           0      8.20619      220.851  6.62999e-09
           0      8.59693      198.821  6.71779e-09
           0      9.00628      177.764  6.85432e-09
           0      9.43512      163.895  6.99146e-09
           0      9.88438      153.154  7.12736e-09
           0       10.355      140.823  7.26416e-09
           0      10.8481      125.144   7.4027e-09
           0      11.3646      115.973  7.48307e-09
           0      11.9058      105.175  7.58308e-09
           0      12.4727      93.0679  7.70428e-09
           0      13.0666      80.1015  7.84584e-09
           0      13.6887      67.0791   7.9962e-09
           0      14.3405      58.7123  8.09004e-09
           0      15.0234      50.5035  8.17643e-09
           0      15.7387      42.5962  8.25374e-09
           0      16.4881      35.0574  8.31719e-09
           0      17.2732      28.0208  8.36556e-09
           0      18.0957      21.6989  8.39898e-09
           0      18.9574      16.7965  8.42392e-09
           0        19.86      12.7454  8.44538e-09
           0      20.8057      9.42398   8.4587e-09
           0      21.7964      6.79172  8.45517e-09
           0      22.8342      4.77402  8.42329e-09
           0      23.9215      3.18241  8.34861e-09
           0      25.0605      1.99311  8.21062e-09
           0      26.2538      1.23382  7.99012e-09
           0      27.5039     0.788632  7.69886e-09
           0      28.8135     0.429192  7.21672e-09
           0      30.1855     0.219744  6.59102e-09
           0      31.6228     0.194023  6.47382e-09
# Phi[rad]             Energy[keV]    I             Q/I
   0.0174533     0.316228      1321.24   -0.0430295
   0.0174533     0.331285      1353.01    -0.043368
   0.0174533      0.34706      1376.85   -0.0438074
   0.0174533     0.363585      1392.45    -0.044326
   0.0174533     0.380897      1400.82   -0.0448682
   0.0174533     0.399034      1395.22   -0.0456025
   0.0174533     0.418034      1381.04   -0.0463678
   0.0174533      0.43794      1361.22   -0.0469983
   0.0174533     0.458792      1335.14    -0.047473
   0.0174533     0.480638      1298.81   -0.0478393
   0.0174533     0.503524      1256.39    -0.048012
   0.0174533       0.5275      1197.85   -0.0479979
   0.0174533     0.552617      1147.73   -0.0470194
   0.0174533      0.57893       1090.9   -0.0455433
   0.0174533     0.606496      1066.81   -0.0428079
   0.0174533     0.635375       1016.5   -0.0400972
   0.0174533     0.665629      1024.03   -0.0361719
   0.0174533     0.697324      1009.58   -0.0312121
   0.0174533     0.730527       1078.8   -0.0262719
   0.0174533     0.765312       1176.4   -0.0198286
   0.0174533     0.801753      1339.09   -0.0202966
   0.0174533     0.839929      1515.51   -0.0252527
   0.0174533     0.879923      1673.37   -0.0260404
   0.0174533     0.921821      1823.73    -0.026992
   0.0174533     0.965714      2005.93   -0.0281544
   0.0174533       1.0117      2116.68   -0.0289272
   0.0174533      1.05987      2233.61   -0.0294293
   0.0174533      1.11034      2358.59   -0.0299547
   0.0174533      1.16321      2483.96   -0.0304696
   0.0174533      1.21859      2599.65   -0.0309444
   0.0174533      1.27662      2692.72   -0.0313518
   0.0174533       1.3374      2731.41   -0.0315542
   0.0174533      1.40109      2743.59   -0.0316379
   0.0174533       1.4678      2751.58   -0.0317181
   0.0174533      1.53769      2754.77   -0.0317946
   0.0174533      1.61091      2752.49   -0.0318676
   0.0174533      1.68761      2743.99   -0.0319371
   0.0174533      1.76797      2728.44   -0.0320033
   0.0174533      1.85215      2704.95   -0.0320664
   0.0174533      1.94034      2672.52   -0.0321268
   0.0174533      2.03274      2630.09   -0.0321851
   0.0174533      2.12953      2576.48    -0.032242
   0.0174533      2.23092       2510.4   -0.0322988
   0.0174533      2.33715      2430.47   -0.0323571
   0.0174533      2.44844      2335.15   -0.0324192
   0.0174533      2.56502      2237.51   -0.0324798
   0.0174533      2.68716      2156.25   -0.0325301
   0.0174533      2.81511      2066.22   -0.0325848
   0.0174533      2.94915      1967.56   -0.0326436
   0.0174533      3.08958      1860.38   -0.0327168
   0.0174533      3.23669       1745.2    -0.032809
   0.0174533      3.39081      1622.84   -0.0329266
   0.0174533      3.55226      1494.56   -0.0330794
   0.0174533      3.72141      1362.08   -0.0332776
   0.0174533       3.8986      1227.58   -0.0335428
   0.0174533      4.08424      1094.04   -0.0338997
   0.0174533      4.27871      965.313   -0.0343783
   0.0174533      4.48245      849.699   -0.0349902
   0.0174533      4.69588       754.75   -0.0357082
   0.0174533      4.91948      670.482   -0.0366135
   0.0174533      5.15372      597.051   -0.0377282
   0.0174533      5.39912      534.309   -0.0390608
   0.0174533      5.65621      481.724   -0.0405989
   0.0174533      5.92553      438.271   -0.0423063
   0.0174533      6.20768      402.311   -0.0441329
   0.0174533      6.50326      371.447   -0.0460388
   0.0174533      6.81292      340.003   -0.0482196
   0.0174533      7.13732      309.356   -0.0505645
   0.0174533      7.47717      280.725   -0.0529991
   0.0174533       7.8332      254.568   -0.0554714
   0.0174533      8.20619      231.403     -0.05789
   0.0174533      8.59693      208.904   -0.0604507
   0.0174533      9.00628      187.312   -0.0630299
   0.0174533      9.43512      173.009   -0.0645608
   0.0174533      9.88438      161.904   -0.0657337
   0.0174533       10.355      149.159   -0.0671688
   0.0174533      10.8481       132.87   -0.0684769
   0.0174533      11.3646      123.309   -0.0690736
   0.0174533      11.9058       112.03   -0.0697248
   0.0174533      12.4727      99.3569   -0.0704307
   0.0174533      13.0666      85.7482   -0.0711723
   0.0174533      13.6887      72.0326   -0.0718678
   0.0174533      14.3405      63.1862   -0.0722336
   0.0174533      15.0234      54.4782   -0.0724911
   0.0174533      15.7387      46.0598   -0.0725683
   0.0174533      16.4881      38.0082   -0.0724715
   0.0174533      17.2732      30.4701   -0.0722107
   0.0174533      18.0957      23.6749   -0.0717651
   0.0174533      18.9574      18.3841   -0.0712039
   0.0174533        19.86      13.9941   -0.0706096
   0.0174533      20.8057      10.3774   -0.0699967
   0.0174533      21.7964      7.49511    -0.069405
   0.0174533      22.8342       5.2734   -0.0688538
   0.0174533      23.9215      3.51498    -0.068057
   0.0174533      25.0605      2.20147    -0.066573
   0.0174533      26.2538       1.3641   -0.0643188
   0.0174533      27.5039     0.873828   -0.0615231
   0.0174533      28.8135     0.476783    -0.057027
   0.0174533      30.1855     0.244016   -0.0519689
   0.0174533      31.6228     0.215274   -0.0512106
# Phi[rad]             Energy[keV]    I             Q/I
    0.261799     0.316228      1311.07    -0.959903
    0.261799     0.331285       1342.4    -0.960048
    0.261799      0.34706      1365.57    -0.960138
    0.261799     0.363585      1380.32    -0.960156
    0.261799     0.380897      1387.84    -0.960085
    0.261799     0.399034      1381.16    -0.959808
    0.261799     0.418034      1366.51    -0.959482
    0.261799      0.43794      1346.96    -0.959067
    0.261799     0.458792         1322    -0.958535
    0.261799     0.480638      1287.27    -0.957313
    0.261799     0.503524       1246.6    -0.956846
    0.261799       0.5275      1189.95    -0.957478
    0.261799     0.552617      1141.91     -0.95592
    0.261799      0.57893       1085.7    -0.953361
    0.261799     0.606496      1061.27    -0.951619
    0.261799     0.635375      1012.21    -0.949036
    0.261799     0.665629         1021    -0.947928
    0.261799     0.697324      1008.31    -0.945942
    0.261799     0.730527      1075.72    -0.947307
    0.261799     0.765312      1168.14    -0.948945
    0.261799     0.801753      1324.27    -0.953033
    0.261799     0.839929      1496.16    -0.957116
    0.261799     0.879923      1653.57    -0.959619
    0.261799     0.921821      1802.87    -0.961664
    0.261799     0.965714       1981.4     -0.96383
    0.261799       1.0117      2090.48    -0.964985
    0.261799      1.05987      2204.78    -0.966125
    0.261799      1.11034      2326.44    -0.967187
    0.261799      1.16321      2447.59    -0.968076
    0.261799      1.21859      2557.92    -0.968703
    0.261799      1.27662      2644.19    -0.968965
    0.261799       1.3374      2677.88    -0.968899
    0.261799      1.40109      2687.41    -0.968807
    0.261799       1.4678      2692.53    -0.968666
    0.261799      1.53769       2692.6    -0.968471
    0.261799      1.61091      2686.97    -0.968217
    0.261799      1.68761      2674.88    -0.967901
    0.261799      1.76797      2655.53    -0.967516
    0.261799      1.85215      2628.04    -0.967053
    0.261799      1.94034      2591.45    -0.966506
    0.261799      2.03274      2544.74    -0.965863
    0.261799      2.12953      2486.78    -0.965114
    0.261799      2.23092      2416.36     -0.96424
    0.261799      2.33715      2332.19    -0.963223
    0.261799      2.44844      2232.86    -0.962033
    0.261799      2.56502      2131.99    -0.960814
    0.261799      2.68716      2048.57    -0.959775
    0.261799      2.81511      1956.54    -0.958569
    0.261799      2.94915      1855.99    -0.957178
    0.261799      3.08958      1747.24    -0.955584
    0.261799      3.23669      1630.73    -0.953746
    0.261799      3.39081      1507.26    -0.951612
    0.261799      3.55226      1378.02    -0.949114
    0.261799      3.72141      1244.68     -0.94617
    0.261799       3.8986      1109.49    -0.942689
    0.261799      4.08424       975.37    -0.938583
    0.261799      4.27871      846.098     -0.93381
    0.261799      4.48245      729.965    -0.928637
    0.261799      4.69588      634.486    -0.923671
    0.261799      4.91948      549.635    -0.918729
    0.261799      5.15372      475.576    -0.914132
    0.261799      5.39912      412.181    -0.910318
    0.261799      5.65621      358.942    -0.907785
    0.261799      5.92553      314.865     -0.90696
    0.261799      6.20768      278.353    -0.907957
    0.261799      6.50326      247.063    -0.910301
    0.261799      6.81292      215.368    -0.913012
    0.261799      7.13732      184.745    -0.915161
    0.261799      7.47717      156.448      -0.9165
    0.261799       7.8332      130.963    -0.916873
    0.261799      8.20619      108.835    -0.916316
    0.261799      8.59693      88.0505    -0.915289
    0.261799      9.00628      69.3992    -0.915551
    0.261799      9.43512      58.2431    -0.917715
    0.261799      9.88438      49.9582    -0.920173
    0.261799       10.355      40.7887    -0.920189
    0.261799      10.8481      31.3682    -0.916328
    0.261799      11.3646      26.6246    -0.912642
    0.261799      11.9058      21.4928    -0.906598
    0.261799      12.4727      16.2544    -0.896433
    0.261799      13.0666      11.2814    -0.878365
    0.261799      13.6887      7.11204    -0.845139
    0.261799      14.3405      5.07442    -0.811957
    0.261799      15.0234      3.67273    -0.774031
    0.261799      15.7387      2.66367    -0.727137
    0.261799      16.4881      1.95224     -0.67192
    0.261799      17.2732      1.45548    -0.611745
    0.261799      18.0957       1.1127    -0.556179
    0.261799      18.9574     0.884108    -0.517682
    0.261799        19.86     0.679191    -0.475677
    0.261799      20.8057     0.496108     -0.42693
    0.261799      21.7964     0.338788    -0.366678
    0.261799      22.8342     0.211602    -0.284007
    0.261799      23.9215     0.120022    -0.180676
    0.261799      25.0605    0.0643782   -0.0623525
    0.261799      26.2538    0.0365944    0.0402051
    0.261799      27.5039    0.0262827  0.000429368
    0.261799      28.8135    0.0197752    -0.194066
    0.261799      30.1855   0.00880287   -0.0959807
    0.261799      31.6228   0.00646774    0.0422537
# Phi[rad]             Energy[keV]    I             Q/I
    0.523599     0.316228      1292.44      -0.9634
    0.523599     0.331285      1322.34    -0.962835
    0.523599      0.34706      1343.46     -0.96211
    0.523599     0.363585      1355.68    -0.961231
    0.523599     0.380897      1360.61     -0.96024
    0.523599     0.399034       1350.7    -0.958925
    0.523599     0.418034      1334.17    -0.957577
    0.523599      0.43794      1314.95     -0.95587
    0.523599     0.458792      1292.44    -0.954275
    0.523599     0.480638       1260.3    -0.949861
    0.523599     0.503524      1223.19    -0.952329
    0.523599       0.5275      1170.54     -0.96667
    0.523599     0.552617      1127.57    -0.967309
    0.523599      0.57893      1077.02     -0.96285
    0.523599     0.606496      1058.06    -0.961377
    0.523599     0.635375      1015.89    -0.959035
    0.523599     0.665629      1030.06    -0.958604
    0.523599     0.697324      1023.83     -0.95712
    0.523599     0.730527       1091.7    -0.958173
    0.523599     0.765312      1179.13    -0.960209
    0.523599     0.801753      1325.12    -0.964336
    0.523599     0.839929      1488.34    -0.967545
    0.523599     0.879923      1643.04    -0.970084
    0.523599     0.921821      1786.03    -0.972157
    0.523599     0.965714      1954.26    -0.974375
    0.523599       1.0117      2057.73    -0.975457
    0.523599      1.05987       2164.7    -0.976511
    0.523599      1.11034      2277.76    -0.977544
    0.523599      1.16321      2389.05    -0.978514
    0.523599      1.21859      2488.29    -0.979383
    0.523599      1.27662      2562.33     -0.98012
    0.523599       1.3374      2587.99    -0.980492
    0.523599      1.40109      2593.46    -0.980651
    0.523599       1.4678      2594.34      -0.9808
    0.523599      1.53769      2590.06     -0.98094
    0.523599      1.61091      2579.99    -0.981069
    0.523599      1.68761      2563.47    -0.981189
    0.523599      1.76797       2539.8    -0.981297
    0.523599      1.85215       2508.2    -0.981393
    0.523599      1.94034      2467.88    -0.981477
    0.523599      2.03274      2417.98    -0.981547
    0.523599      2.12953      2357.63    -0.981604
    0.523599      2.23092      2285.88    -0.981645
    0.523599      2.33715      2201.78     -0.98167
    0.523599      2.44844      2104.33    -0.981676
    0.523599      2.56502      2006.99    -0.981665
    0.523599      2.68716       1927.5    -0.981638
    0.523599      2.81511      1840.59    -0.981578
    0.523599      2.94915      1746.41    -0.981504
    0.523599      3.08958      1645.24    -0.981425
    0.523599      3.23669       1537.6    -0.981344
    0.523599      3.39081      1424.28    -0.981266
    0.523599      3.55226      1306.34    -0.981195
    0.523599      3.72141      1185.26    -0.981135
    0.523599       3.8986       1063.1    -0.981097
    0.523599      4.08424      942.529    -0.981095
    0.523599      4.27871       826.96    -0.981152
    0.523599      4.48245      723.855    -0.981277
    0.523599      4.69588      639.725      -0.9815
    0.523599      4.91948      565.616    -0.981886
    0.523599      5.15372      501.607    -0.982479
    0.523599      5.39912      447.483    -0.983305
    0.523599      5.65621      402.658    -0.984368
    0.523599      5.92553      366.047    -0.985631
    0.523599      6.20768       335.97    -0.987015
    0.523599      6.50326      310.026     -0.98841
    0.523599      6.81292      282.893    -0.989815
    0.523599      7.13732      255.479     -0.99106
    0.523599      7.47717      228.967    -0.992102
    0.523599       7.8332      203.961    -0.992922
    0.523599      8.20619      181.214    -0.993516
    0.523599      8.59693      158.728    -0.993987
    0.523599      9.00628      136.895    -0.994441
    0.523599      9.43512      122.097    -0.994684
    0.523599      9.88438      110.358     -0.99479
    0.523599       10.355      97.1015    -0.994749
    0.523599      10.8481      80.9196    -0.994293
    0.523599      11.3646      71.6944    -0.993834
    0.523599      11.9058      61.1202    -0.993104
    0.523599      12.4727      49.7385    -0.991971
    0.523599      13.0666      38.2811     -0.99021
    0.523599      13.6887      27.8563    -0.987537
    0.523599      14.3405      21.9568    -0.985123
    0.523599      15.0234      16.8247    -0.981939
    0.523599      15.7387      12.5014     -0.97768
    0.523599      16.4881      8.94083    -0.971807
    0.523599      17.2732       6.0875    -0.963374
    0.523599      18.0957      3.90256    -0.950748
    0.523599      18.9574      2.45457    -0.933379
    0.523599        19.86      1.44609    -0.906655
    0.523599      20.8057     0.801567    -0.866666
    0.523599      21.7964     0.457398     -0.82441
    0.523599      22.8342     0.314492    -0.819665
    0.523599      23.9215     0.250684    -0.853001
    0.523599      25.0605     0.180878    -0.875884
    0.523599      26.2538     0.107596     -0.87188
    0.523599      27.5039    0.0444822    -0.795712
    0.523599      28.8135   0.00935256    -0.447306
    0.523599      30.1855   0.00434739    -0.430694
    0.523599      31.6228   0.00613821    -0.658832
# Phi[rad]             Energy[keV]    I             Q/I
    0.785398     0.316228      1270.39    -0.949025
    0.785398     0.331285      1298.27    -0.947516
    0.785398      0.34706      1316.78    -0.945714
    0.785398     0.363585      1325.95    -0.943644
    0.785398     0.380897      1327.72    -0.941413
    0.785398     0.399034       1313.9    -0.938699
    0.785398     0.418034      1294.52    -0.935982
    0.785398      0.43794      1274.95    -0.932456
    0.785398     0.458792      1253.93    -0.929319
    0.785398     0.480638      1223.84    -0.919725
    0.785398     0.503524      1191.24    -0.926886
    0.785398       0.5275      1144.89    -0.963003
    0.785398     0.552617      1109.02    -0.966535
    0.785398      0.57893      1066.24     -0.95809
    0.785398     0.606496      1054.94      -0.9559
    0.785398     0.635375      1022.95    -0.952475
    0.785398     0.665629      1044.14    -0.952086
    0.785398     0.697324      1045.19    -0.950076
    0.785398     0.730527      1111.71    -0.950353
    0.785398     0.765312      1192.79    -0.951436
    0.785398     0.801753      1327.56    -0.954701
    0.785398     0.839929      1481.32    -0.958632
    0.785398     0.879923      1629.06    -0.961791
    0.785398     0.921821      1762.19    -0.964128
    0.785398     0.965714      1917.63    -0.966667
    0.785398       1.0117      2013.35     -0.96787
    0.785398      1.05987      2110.94    -0.969012
    0.785398      1.11034      2212.92    -0.970158
    0.785398      1.16321      2311.31    -0.971271
    0.785398      1.21859      2395.72    -0.972329
    0.785398      1.27662      2452.87    -0.973318
    0.785398       1.3374      2467.15    -0.973885
    0.785398      1.40109      2466.81     -0.97415
    0.785398       1.4678      2461.56     -0.97442
    0.785398      1.53769      2450.87    -0.974694
    0.785398      1.61091      2434.18    -0.974975
    0.785398      1.68761      2410.93    -0.975261
    0.785398      1.76797       2380.5    -0.975555
    0.785398      1.85215      2342.28    -0.975857
    0.785398      1.94034      2295.65    -0.976167
    0.785398      2.03274         2240    -0.976487
    0.785398      2.12953      2174.71    -0.976816
    0.785398      2.23092       2099.2    -0.977152
    0.785398      2.33715      2012.94    -0.977493
    0.785398      2.44844      1915.46    -0.977837
    0.785398      2.56502       1820.3    -0.978141
    0.785398      2.68716      1743.99    -0.978363
    0.785398      2.81511      1661.68    -0.978581
    0.785398      2.94915      1573.54    -0.978809
    0.785398      3.08958      1479.89     -0.97906
    0.785398      3.23669      1381.23    -0.979344
    0.785398      3.39081      1278.29     -0.97967
    0.785398      3.55226      1172.11    -0.980052
    0.785398      3.72141      1064.07    -0.980506
    0.785398       3.8986      955.967    -0.981053
    0.785398      4.08424      850.127    -0.981716
    0.785398      4.27871      749.527    -0.982516
    0.785398      4.48245       660.53    -0.983415
    0.785398      4.69588       588.63     -0.98435
    0.785398      4.91948      526.087    -0.985403
    0.785398      5.15372      472.926    -0.986558
    0.785398      5.39912      428.883    -0.987772
    0.785398      5.65621      393.313    -0.988987
    0.785398      5.92553       365.11    -0.990135
    0.785398      6.20768      342.618    -0.991162
    0.785398      6.50326        323.5    -0.992059
    0.785398      6.81292      303.079    -0.992942
    0.785398      7.13732      281.703    -0.993769
    0.785398      7.47717      260.315    -0.994532
    0.785398       7.8332      239.508    -0.995221
    0.785398      8.20619      220.049    -0.995811
    0.785398      8.59693      200.319    -0.996326
    0.785398      9.00628      180.528    -0.996712
    0.785398      9.43512      166.509    -0.996802
    0.785398      9.88438      155.194    -0.996792
    0.785398       10.355      141.933    -0.996824
    0.785398      10.8481      123.959    -0.996741
    0.785398      11.3646      113.121    -0.996616
    0.785398      11.9058      100.317    -0.996411
    0.785398      12.4727      86.0533    -0.996104
    0.785398      13.0666      71.0349    -0.995661
    0.785398      13.6887      56.4171    -0.995061
    0.785398      14.3405      47.3991    -0.994568
    0.785398      15.0234      38.8774    -0.993963
    0.785398      15.7387      30.9814    -0.993198
    0.785398      16.4881      23.8061    -0.992201
    0.785398      17.2732      17.4672    -0.990856
    0.785398      18.0957       12.137    -0.988984
    0.785398      18.9574      8.33053    -0.986676
    0.785398        19.86      5.50671    -0.983714
    0.785398      20.8057      3.50662    -0.980113
    0.785398      21.7964      2.21133    -0.976627
    0.785398      22.8342      1.44319    -0.974934
    0.785398      23.9215     0.936815    -0.975056
    0.785398      25.0605     0.552979    -0.974473
    0.785398      26.2538     0.298616    -0.971395
    0.785398      27.5039     0.148171    -0.962685
    0.785398      28.8135    0.0507405    -0.939084
    0.785398      30.1855     0.022429    -0.935104
    0.785398      31.6228    0.0223676    -0.945109
# Phi[rad]             Energy[keV]    I             Q/I
      1.0472     0.316228      1241.58    -0.940115
      1.0472     0.331285      1267.45     -0.93798
      1.0472      0.34706      1283.68    -0.935462
      1.0472     0.363585       1290.3    -0.932586
      1.0472     0.380897      1289.47    -0.929495
      1.0472     0.399034      1272.53    -0.925758
      1.0472     0.418034       1250.3    -0.922014
      1.0472      0.43794       1229.3    -0.917226
      1.0472     0.458792      1208.16    -0.913024
      1.0472     0.480638      1179.29    -0.900188
      1.0472     0.503524      1150.04    -0.910203
      1.0472       0.5275      1108.54    -0.959364
      1.0472     0.552617      1078.87    -0.964571
      1.0472      0.57893      1043.66    -0.953855
      1.0472     0.606496      1039.93    -0.951355
      1.0472     0.635375      1018.08    -0.947304
      1.0472     0.665629      1044.34    -0.947808
      1.0472     0.697324      1050.83    -0.946035
      1.0472     0.730527      1117.34    -0.945121
      1.0472     0.765312      1195.25    -0.945686
      1.0472     0.801753      1321.98    -0.948727
      1.0472     0.839929      1467.41    -0.952464
      1.0472     0.879923      1606.63    -0.955524
      1.0472     0.921821      1730.09    -0.957801
      1.0472     0.965714       1873.5    -0.960318
      1.0472       1.0117      1961.61    -0.961501
      1.0472      1.05987      2050.66    -0.962601
      1.0472      1.11034      2142.44    -0.963713
      1.0472      1.16321      2228.74    -0.964804
      1.0472      1.21859      2298.91    -0.965852
      1.0472      1.27662      2339.39    -0.966846
      1.0472       1.3374      2342.15    -0.967424
      1.0472      1.40109      2335.89    -0.967695
      1.0472       1.4678      2324.33    -0.967975
      1.0472      1.53769      2306.99    -0.968262
      1.0472      1.61091      2283.37     -0.96856
      1.0472      1.68761      2252.96    -0.968868
      1.0472      1.76797      2215.27    -0.969189
      1.0472      1.85215      2169.83    -0.969524
      1.0472      1.94034      2116.18    -0.969875
      1.0472      2.03274      2053.93    -0.970244
      1.0472      2.12953      1982.74    -0.970633
      1.0472      2.23092      1902.37    -0.971043
      1.0472      2.33715      1812.69    -0.971477
      1.0472      2.44844      1713.74    -0.971934
      1.0472      2.56502      1619.41    -0.972351
      1.0472      2.68716       1545.2    -0.972667
      1.0472      2.81511      1466.33    -0.972989
      1.0472      2.94915      1383.01    -0.973326
      1.0472      3.08958      1295.57    -0.973694
      1.0472      3.23669      1204.52    -0.974108
      1.0472      3.39081      1110.56    -0.974583
      1.0472      3.55226      1014.62    -0.975137
      1.0472      3.72141      917.928    -0.975794
      1.0472       3.8986      822.085    -0.976584
      1.0472      4.08424       729.11    -0.977537
      1.0472      4.27871      641.541    -0.978682
      1.0472      4.48245      564.803    -0.979959
      1.0472      4.69588      503.459    -0.981275
      1.0472      4.91948      450.799    -0.982736
      1.0472      5.15372      406.814    -0.984299
      1.0472      5.39912      371.218     -0.98589
      1.0472      5.65621      343.385    -0.987416
      1.0472      5.92553      322.227    -0.988787
      1.0472      6.20768      306.116    -0.989953
      1.0472      6.50326      292.805    -0.990935
      1.0472      6.81292      278.204    -0.991917
      1.0472      7.13732       262.24    -0.992883
      1.0472      7.47717      245.678    -0.993829
      1.0472       7.8332      229.091    -0.994738
      1.0472      8.20619      213.242     -0.99557
      1.0472      8.59693      196.989     -0.99634
      1.0472      9.00628       180.59    -0.996932
      1.0472      9.43512      168.862    -0.997108
      1.0472      9.88438      159.351    -0.997163
      1.0472       10.355      147.833    -0.997328
      1.0472      10.8481      131.339    -0.997446
      1.0472      11.3646      121.152    -0.997452
      1.0472      11.9058      108.952    -0.997423
      1.0472      12.4727      95.1456    -0.997352
      1.0472      13.0666      80.3026    -0.997229
      1.0472      13.6887      65.4209    -0.997043
      1.0472      14.3405      55.9169     -0.99688
      1.0472      15.0234      46.6653    -0.996668
      1.0472      15.7387       37.829    -0.996381
      1.0472      16.4881      29.5659    -0.995992
      1.0472      17.2732      22.0783     -0.99546
      1.0472      18.0957      15.6356    -0.994719
      1.0472      18.9574      10.9467    -0.993816
      1.0472        19.86      7.40607    -0.992704
      1.0472      20.8057      4.83197    -0.991404
      1.0472      21.7964      3.09677    -0.990166
      1.0472      22.8342      2.00722    -0.989488
      1.0472      23.9215      1.26192    -0.989246
      1.0472      25.0605     0.717014    -0.988553
      1.0472      26.2538     0.379921    -0.987026
      1.0472      27.5039     0.197945     -0.98421
      1.0472      28.8135    0.0795708    -0.978163
      1.0472      30.1855    0.0337906    -0.976154
      1.0472      31.6228    0.0309579    -0.978247
# Phi[rad]             Energy[keV]    I             Q/I
       1.309     0.316228      1195.25    -0.952982
       1.309     0.331285       1220.1    -0.951512
       1.309      0.34706      1235.25    -0.949709
       1.309     0.363585      1240.67    -0.947572
       1.309     0.380897      1238.71    -0.945205
       1.309     0.399034      1220.62     -0.94223
       1.309     0.418034      1197.15    -0.939122
       1.309      0.43794      1174.55     -0.93536
       1.309     0.458792      1153.77     -0.93182
       1.309     0.480638      1127.39     -0.92352
       1.309     0.503524      1100.69    -0.927718
       1.309       0.5275      1061.15    -0.952975
       1.309     0.552617      1036.35     -0.95472
       1.309      0.57893      1009.99    -0.947782
       1.309     0.606496      1011.53    -0.945829
       1.309     0.635375      993.994    -0.941131
       1.309     0.665629      1021.89    -0.950906
       1.309     0.697324      1030.92    -0.956776
       1.309     0.730527       1097.6    -0.950866
       1.309     0.765312      1175.53    -0.950287
       1.309     0.801753      1299.02    -0.952785
       1.309     0.839929       1438.8    -0.956054
       1.309     0.879923      1571.64    -0.958559
       1.309     0.921821       1689.4    -0.960336
       1.309     0.965714      1825.38     -0.96258
       1.309       1.0117      1908.47    -0.963681
       1.309      1.05987      1992.17     -0.96474
       1.309      1.11034      2077.72    -0.965824
       1.309      1.16321      2156.94    -0.966876
       1.309      1.21859      2219.21    -0.967849
       1.309      1.27662      2251.06    -0.968699
       1.309       1.3374      2248.23    -0.969137
       1.309      1.40109      2239.22    -0.969323
       1.309       1.4678      2224.82    -0.969501
       1.309      1.53769      2204.56    -0.969672
       1.309      1.61091      2177.98    -0.969834
       1.309      1.68761      2144.65    -0.969989
       1.309      1.76797      2104.13    -0.970135
       1.309      1.85215      2056.04    -0.970274
       1.309      1.94034      2000.02    -0.970405
       1.309      2.03274      1935.82    -0.970528
       1.309      2.12953      1863.26    -0.970646
       1.309      2.23092      1782.28    -0.970758
       1.309      2.33715         1693    -0.970866
       1.309      2.44844      1595.74    -0.970973
       1.309      2.56502      1504.21    -0.971069
       1.309      2.68716      1432.99    -0.971132
       1.309      2.81511      1357.98    -0.971181
       1.309      2.94915      1279.38    -0.971228
       1.309      3.08958      1197.52    -0.971294
       1.309      3.23669       1112.9     -0.97139
       1.309      3.39081      1026.17    -0.971524
       1.309      3.55226      938.184    -0.971711
       1.309      3.72141      850.061    -0.971968
       1.309       3.8986      763.222    -0.972323
       1.309      4.08424      679.451    -0.972809
       1.309      4.27871      600.972    -0.973469
       1.309      4.48245      532.558    -0.974298
       1.309      4.69588      478.159    -0.975242
       1.309      4.91948      431.751    -0.976417
       1.309      5.15372      393.296    -0.977824
       1.309      5.39912      362.493    -0.979426
       1.309      5.65621      338.715    -0.981155
       1.309      5.92553      320.919    -0.982915
       1.309      6.20768      307.542    -0.984614
       1.309      6.50326      296.398    -0.986194
       1.309      6.81292      283.636    -0.987775
       1.309      7.13732      269.041     -0.98926
       1.309      7.47717      253.382    -0.990627
       1.309       7.8332      237.296    -0.991869
       1.309      8.20619      221.631    -0.992968
       1.309      8.59693       205.33     -0.99402
       1.309      9.00628       188.78    -0.994978
       1.309      9.43512      176.806    -0.995483
       1.309      9.88438      167.048    -0.995831
       1.309       10.355      155.213    -0.996251
       1.309      10.8481      138.222    -0.996581
       1.309      11.3646      127.716    -0.996701
       1.309      11.9058       115.12    -0.996811
       1.309      12.4727      100.838    -0.996909
       1.309      13.0666      85.4441    -0.996985
       1.309      13.6887      69.9523    -0.997018
       1.309      14.3405      60.0165    -0.996995
       1.309      15.0234      50.3073    -0.996919
       1.309      15.7387      40.9899    -0.996766
       1.309      16.4881        32.24    -0.996506
       1.309      17.2732      24.2807      -0.9961
       1.309      18.0957      17.3929    -0.995497
       1.309      18.9574       12.334    -0.994773
       1.309        19.86      8.47143    -0.993911
       1.309      20.8057      5.61841     -0.99295
       1.309      21.7964      3.64952    -0.992086
       1.309      22.8342      2.37311    -0.991669
       1.309      23.9215      1.48052    -0.991506
       1.309      25.0605     0.834621    -0.990888
       1.309      26.2538     0.444022    -0.989668
       1.309      27.5039     0.239609    -0.987718
       1.309      28.8135     0.104171    -0.983566
       1.309      30.1855    0.0443821    -0.982014
       1.309      31.6228    0.0393497    -0.983309
# Phi[rad]             Energy[keV]    I             Q/I
      1.5708     0.316228      1172.64    -0.974014
      1.5708     0.331285      1196.54    -0.973641
      1.5708      0.34706      1210.66    -0.973089
      1.5708     0.363585      1214.87    -0.972344
      1.5708     0.380897      1211.63    -0.971447
      1.5708     0.399034      1192.17    -0.970194
      1.5708     0.418034       1167.3    -0.968787
      1.5708      0.43794      1142.51    -0.967268
      1.5708     0.458792      1120.49     -0.96566
      1.5708     0.480638      1094.77    -0.963682
      1.5708     0.503524      1065.53    -0.962295
      1.5708       0.5275      1018.93    -0.961507
      1.5708     0.552617      993.303    -0.960141
      1.5708      0.57893      970.358    -0.958368
      1.5708     0.606496      972.791     -0.95768
      1.5708     0.635375      954.868    -0.954812
      1.5708     0.665629      981.345     -0.96515
      1.5708     0.697324      989.386    -0.972379
      1.5708     0.730527      1054.74    -0.967807
      1.5708     0.765312      1132.61    -0.967956
      1.5708     0.801753      1255.04    -0.970152
      1.5708     0.839929      1392.08    -0.972725
      1.5708     0.879923      1521.63    -0.974592
      1.5708     0.921821      1636.93    -0.975969
      1.5708     0.965714      1769.57    -0.977718
      1.5708       1.0117      1850.26    -0.978614
      1.5708      1.05987      1931.46    -0.979514
      1.5708      1.11034      2014.22     -0.98043
      1.5708      1.16321      2090.48     -0.98131
      1.5708      1.21859      2149.79    -0.982108
      1.5708      1.27662      2178.88    -0.982778
      1.5708       1.3374      2174.59    -0.983101
      1.5708      1.40109      2164.98     -0.98323
      1.5708       1.4678      2150.02    -0.983347
      1.5708      1.53769      2129.27    -0.983451
      1.5708      1.61091      2102.29    -0.983541
      1.5708      1.68761      2068.68    -0.983616
      1.5708      1.76797      2028.03    -0.983675
      1.5708      1.85215      1979.99    -0.983719
      1.5708      1.94034      1924.25    -0.983744
      1.5708      2.03274      1860.61    -0.983752
      1.5708      2.12953      1788.94    -0.983739
      1.5708      2.23092      1709.27    -0.983706
      1.5708      2.33715       1621.8    -0.983653
      1.5708      2.44844      1526.93    -0.983578
      1.5708      2.56502      1438.09    -0.983496
      1.5708      2.68716      1369.24     -0.98342
      1.5708      2.81511      1296.96    -0.983321
      1.5708      2.94915      1221.47    -0.983193
      1.5708      3.08958       1143.1     -0.98306
      1.5708      3.23669       1062.3    -0.982927
      1.5708      3.39081      979.713    -0.982798
      1.5708      3.55226      896.153    -0.982677
      1.5708      3.72141      812.666    -0.982572
      1.5708       3.8986      730.589    -0.982496
      1.5708      4.08424      651.593    -0.982469
      1.5708      4.27871      577.751    -0.982526
      1.5708      4.48245      513.517    -0.982679
      1.5708      4.69588      462.556     -0.98295
      1.5708      4.91948      419.206    -0.983413
      1.5708      5.15372      383.409    -0.984092
      1.5708      5.39912      354.852    -0.984993
      1.5708      5.65621      332.902    -0.986085
      1.5708      5.92553      316.528    -0.987307
      1.5708      6.20768       304.21    -0.988576
      1.5708      6.50326      293.831    -0.989806
      1.5708      6.81292      281.671    -0.991023
      1.5708      7.13732      267.478    -0.992119
      1.5708      7.47717      252.023    -0.993084
      1.5708       7.8332      235.973    -0.993925
      1.5708      8.20619      220.228    -0.994643
      1.5708      8.59693      203.764    -0.995326
      1.5708      9.00628      187.009    -0.995997
      1.5708      9.43512      174.859    -0.996415
      1.5708      9.88438      164.947     -0.99673
      1.5708       10.355      152.972    -0.997046
      1.5708      10.8481      135.923    -0.997262
      1.5708      11.3646      125.418    -0.997334
      1.5708      11.9058      112.851    -0.997395
      1.5708      12.4727      98.6335    -0.997441
      1.5708      13.0666      83.3513    -0.997463
      1.5708      13.6887      68.0312    -0.997439
      1.5708      14.3405      58.2481    -0.997381
      1.5708      15.0234      48.7224    -0.997272
      1.5708      15.7387      39.6089    -0.997088
      1.5708      16.4881      31.0814    -0.996799
      1.5708      17.2732      23.3509    -0.996364
      1.5708      18.0957      16.6805     -0.99573
      1.5708      18.9574      11.7902     -0.99497
      1.5708        19.86      8.06514     -0.99406
      1.5708      20.8057      5.32306    -0.993036
      1.5708      21.7964      3.44041    -0.992107
      1.5708      22.8342      2.22874    -0.991654
      1.5708      23.9215      1.38621    -0.991515
      1.5708      25.0605     0.777437    -0.990946
      1.5708      26.2538     0.410512    -0.989691
      1.5708      27.5039     0.219751    -0.987494
      1.5708      28.8135    0.0944247     -0.98288
      1.5708      30.1855    0.0398681    -0.981153
      1.5708      31.6228    0.0354053    -0.982601
