

#   Phi[rad]  Energy[keV]            I          Q/I
           0     0.316228      1263.62  9.00138e-09
           0     0.331285      1294.09  9.03713e-09
           0      0.34706      1317.31  9.08059e-09
           0     0.363585      1333.02  9.12616e-09
           0     0.380897      1342.03  9.16961e-09
           0     0.399034      1339.49  9.22674e-09
           0     0.418034      1329.27  9.25037e-09
           0      0.43794      1313.16  9.24362e-09
           0     0.458792      1290.86  9.20079e-09
           0     0.480638      1259.06  9.18088e-09
           0     0.503524       1221.5  9.18124e-09
           0       0.5275      1171.33  9.23151e-09
           0     0.552617      1127.36  9.26541e-09
           0      0.57893      1078.88  9.42154e-09
           0     0.606496      1054.21  9.49773e-09
           0     0.635375      1017.21  9.39247e-09
           0     0.665629       1029.3  9.03351e-09
           0     0.697324      1023.18  8.57675e-09
           0     0.730527      1082.95  8.24111e-09
           0     0.765312      1168.28  8.07372e-09
           0     0.801753      1302.94  8.06793e-09
           0     0.839929      1448.75  8.15285e-09
           0     0.879923      1581.73  8.22884e-09
           0     0.921821      1713.32  8.29888e-09
           0     0.965714       1871.1  8.37112e-09
           0       1.0117       1975.6   8.4175e-09
           0      1.05987      2085.08  8.46521e-09
           0      1.11034       2199.1  8.50711e-09
           0      1.16321       2310.6  8.54131e-09
           0      1.21859      2410.25  8.56902e-09
           0      1.27662      2486.27  8.58831e-09
           0       1.3374      2517.55  8.59696e-09
           0      1.40109      2528.25  8.60179e-09
           0       1.4678      2532.81  8.60555e-09
           0      1.53769      2530.97  8.60833e-09
           0      1.61091       2522.3  8.60985e-09
           0      1.68761      2506.32  8.61032e-09
           0      1.76797      2482.44  8.60992e-09
           0      1.85215         2450  8.60862e-09
           0      1.94034      2408.26  8.60638e-09
           0      2.03274      2356.48  8.60318e-09
           0      2.12953      2293.86  8.59897e-09
           0      2.23092      2219.63  8.59375e-09
           0      2.33715      2133.06  8.58757e-09
           0      2.44844      2033.51  8.58055e-09
           0      2.56502       1932.5  8.57434e-09
           0      2.68716      1845.18  8.57033e-09
           0      2.81511      1750.65  8.56537e-09
           0      2.94915       1649.1  8.55908e-09
           0      3.08958      1540.77  8.55193e-09
           0      3.23669      1426.33  8.54379e-09
           0      3.39081      1306.72  8.53442e-09
           0      3.55226      1183.31  8.52353e-09
           0      3.72141      1057.91  8.51063e-09
           0       3.8986      932.719  8.49542e-09
           0      4.08424      810.549  8.47733e-09
           0      4.27871      694.745  8.45573e-09
           0      4.48245       591.37  8.43029e-09
           0      4.69588      505.188  8.40191e-09
           0      4.91948      429.463  8.37087e-09
           0      5.15372      364.099  8.33816e-09
           0      5.39912      308.699  8.30536e-09
           0      5.65621       262.54  8.27459e-09
           0      5.92553      224.555  8.24788e-09
           0      6.20768      193.319   8.2259e-09
           0      6.50326      167.036  8.20631e-09
           0      6.81292      142.808  8.18156e-09
           0      7.13732      120.829  8.14508e-09
           0      7.47717      101.387  8.09475e-09
           0       7.8332      84.4915  8.02832e-09
           0      8.20619      70.1411  7.94584e-09
           0      8.59693      57.7643  7.84709e-09
           0      9.00628      47.6802  7.75045e-09
           0      9.43512      40.5346  7.66979e-09
           0      9.88438      34.7337  7.59585e-09
           0       10.355      29.2986  7.50246e-09
           0      10.8481      24.5667  7.39741e-09
           0      11.3646      20.8724  7.30278e-09
           0      11.9058      17.6679  7.20548e-09
           0      12.4727      14.9056  7.10479e-09
           0      13.0666       12.544  7.00102e-09
           0      13.6887      10.5481  6.89604e-09
           0      14.3405      8.89818  6.79491e-09
           0      15.0234      7.50398  6.69464e-09
           0      15.7387       6.3373  6.60013e-09
           0      16.4881      5.35226  6.50734e-09
           0      17.2732      4.51627  6.41656e-09
           0      18.0957      3.80873  6.32801e-09
           0      18.9574      3.21349  6.24437e-09
           0        19.86      2.70785  6.16178e-09
           0      20.8057      2.27866  6.07961e-09
           0      21.7964      1.91486  5.99744e-09
           0      22.8342      1.60733  5.91547e-09
           0      23.9215      1.34909  5.83597e-09
           0      25.0605      1.13249  5.75944e-09
           0      26.2538     0.950254   5.6846e-09
           0      27.5039      0.79703  5.61146e-09
           0      28.8135     0.668484  5.54086e-09
           0      30.1855     0.560188  5.47065e-09
           0      31.6228     0.469328  5.40224e-09
#   Phi[rad]  Energy[keV]            I          Q/I
   0.0174533     0.316228      1263.44   -0.0400448
   0.0174533     0.331285      1293.89    -0.040417
   0.0174533      0.34706      1317.12   -0.0408647
   0.0174533     0.363585      1332.87   -0.0413693
   0.0174533     0.380897      1341.93   -0.0418857
   0.0174533     0.399034      1339.45   -0.0425256
   0.0174533     0.418034      1329.25   -0.0431734
   0.0174533      0.43794      1313.11    -0.043715
   0.0174533     0.458792       1290.7   -0.0441282
   0.0174533     0.480638      1258.82   -0.0444447
   0.0174533     0.503524      1221.23    -0.044585
   0.0174533       0.5275      1171.08   -0.0445239
   0.0174533     0.552617      1127.14   -0.0437509
   0.0174533      0.57893      1078.68   -0.0425847
   0.0174533     0.606496      1053.96   -0.0405759
   0.0174533     0.635375      1016.91   -0.0383404
   0.0174533     0.665629      1028.94   -0.0351121
   0.0174533     0.697324      1022.81   -0.0313491
   0.0174533     0.730527      1082.57   -0.0277323
   0.0174533     0.765312      1167.87   -0.0243986
   0.0174533     0.801753       1302.5   -0.0235716
   0.0174533     0.839929      1448.28   -0.0247669
   0.0174533     0.879923      1581.26   -0.0260624
   0.0174533     0.921821      1712.86   -0.0267899
   0.0174533     0.965714      1870.62   -0.0276137
   0.0174533       1.0117      1975.12   -0.0281492
   0.0174533      1.05987      2084.59   -0.0286799
   0.0174533      1.11034       2198.6   -0.0291785
   0.0174533      1.16321       2310.1   -0.0296186
   0.0174533      1.21859      2409.74   -0.0300066
   0.0174533      1.27662      2485.77   -0.0303136
   0.0174533       1.3374      2517.06   -0.0304826
   0.0174533      1.40109      2527.77   -0.0305903
   0.0174533       1.4678      2532.34   -0.0306898
   0.0174533      1.53769      2530.51   -0.0307822
   0.0174533      1.61091      2521.86   -0.0308653
   0.0174533      1.68761      2505.89   -0.0309408
   0.0174533      1.76797      2482.02   -0.0310102
   0.0174533      1.85215       2449.6   -0.0310736
   0.0174533      1.94034      2407.88   -0.0311309
   0.0174533      2.03274      2356.11   -0.0311823
   0.0174533      2.12953      2293.51   -0.0312288
   0.0174533      2.23092      2219.31   -0.0312699
   0.0174533      2.33715      2132.77   -0.0313064
   0.0174533      2.44844      2033.24   -0.0313399
   0.0174533      2.56502      1932.25   -0.0313772
   0.0174533      2.68716      1844.95   -0.0314208
   0.0174533      2.81511      1750.44    -0.031459
   0.0174533      2.94915      1648.91     -0.03149
   0.0174533      3.08958      1540.61     -0.03152
   0.0174533      3.23669      1426.18   -0.0315495
   0.0174533      3.39081      1306.59   -0.0315795
   0.0174533      3.55226       1183.2   -0.0316126
   0.0174533      3.72141      1057.81    -0.031649
   0.0174533       3.8986      932.637   -0.0316947
   0.0174533      4.08424       810.48   -0.0317536
   0.0174533      4.27871      694.688   -0.0318281
   0.0174533      4.48245      591.322   -0.0319125
   0.0174533      4.69588       505.15   -0.0319925
   0.0174533      4.91948      429.434   -0.0320956
   0.0174533      5.15372      364.076   -0.0322299
   0.0174533      5.39912      308.682   -0.0324034
   0.0174533      5.65621      262.527   -0.0326217
   0.0174533      5.92553      224.546   -0.0328843
   0.0174533      6.20768      193.313   -0.0331815
   0.0174533      6.50326      167.032   -0.0334908
   0.0174533      6.81292      142.806   -0.0338346
   0.0174533      7.13732      120.828   -0.0341424
   0.0174533      7.47717      101.388   -0.0343792
   0.0174533       7.8332      84.4927   -0.0345217
   0.0174533      8.20619      70.1427   -0.0345533
   0.0174533      8.59693      57.7661   -0.0345452
   0.0174533      9.00628      47.6823   -0.0346091
   0.0174533      9.43512      40.5366   -0.0344742
   0.0174533      9.88438      34.7355   -0.0342778
   0.0174533       10.355      29.3003   -0.0340553
   0.0174533      10.8481      24.5682   -0.0337759
   0.0174533      11.3646      20.8738   -0.0333651
   0.0174533      11.9058       17.669   -0.0329626
   0.0174533      12.4727      14.9067   -0.0325581
   0.0174533      13.0666      12.5449    -0.032141
   0.0174533      13.6887      10.5489   -0.0316974
   0.0174533      14.3405      8.89887   -0.0311918
   0.0174533      15.0234      7.50457   -0.0306709
   0.0174533      15.7387      6.33781   -0.0301327
   0.0174533      16.4881      5.35268   -0.0295843
   0.0174533      17.2732      4.51663   -0.0290456
   0.0174533      18.0957      3.80904   -0.0285154
   0.0174533      18.9574      3.21374   -0.0279956
   0.0174533        19.86      2.70807   -0.0274924
   0.0174533      20.8057      2.27884   -0.0270015
   0.0174533      21.7964      1.91502   -0.0265198
   0.0174533      22.8342      1.60746   -0.0260451
   0.0174533      23.9215       1.3492   -0.0255761
   0.0174533      25.0605      1.13258   -0.0251142
   0.0174533      26.2538     0.950331   -0.0246614
   0.0174533      27.5039     0.797095   -0.0242182
   0.0174533      28.8135     0.668539    -0.023785
   0.0174533      30.1855     0.560234   -0.0233623
   0.0174533      31.6228     0.469366   -0.0229482
#   Phi[rad]  Energy[keV]            I          Q/I
    0.261799     0.316228      1255.22    -0.954528
    0.261799     0.331285      1285.22    -0.954626
    0.261799      0.34706      1307.81    -0.954638
    0.261799     0.363585      1322.79    -0.954549
    0.261799     0.380897      1331.09    -0.954351
    0.261799     0.399034      1327.71    -0.953941
    0.261799     0.418034      1317.11    -0.953466
    0.261799      0.43794      1301.13    -0.952909
    0.261799     0.458792      1279.54    -0.952252
    0.261799     0.480638      1248.92    -0.951015
    0.261799     0.503524       1212.8    -0.950244
    0.261799       0.5275       1164.3    -0.950066
    0.261799     0.552617       1122.3    -0.948332
    0.261799      0.57893      1074.89    -0.945643
    0.261799     0.606496      1050.69    -0.943148
    0.261799     0.635375      1015.24    -0.941271
    0.261799     0.665629      1028.74    -0.942157
    0.261799     0.697324      1024.91     -0.94041
    0.261799     0.730527      1085.02    -0.941966
    0.261799     0.765312      1168.99    -0.944046
    0.261799     0.801753      1300.86    -0.947981
    0.261799     0.839929      1443.96     -0.95251
    0.261799     0.879923      1575.87    -0.955443
    0.261799     0.921821      1705.82     -0.95779
    0.261799     0.965714       1860.4    -0.960491
    0.261799       1.0117      1963.14     -0.96209
    0.261799      1.05987       2070.3    -0.964194
    0.261799      1.11034       2181.6    -0.965855
    0.261799      1.16321      2289.99    -0.967206
    0.261799      1.21859      2386.17     -0.96835
    0.261799      1.27662      2458.41    -0.969299
    0.261799       1.3374      2487.27    -0.969747
    0.261799      1.40109      2496.79    -0.969856
    0.261799       1.4678      2500.15    -0.969937
    0.261799      1.53769      2497.09    -0.969997
    0.261799      1.61091       2487.2    -0.970017
    0.261799      1.68761         2470    -0.970013
    0.261799      1.76797      2444.93    -0.970001
    0.261799      1.85215      2411.35    -0.969974
    0.261799      1.94034      2368.59    -0.969927
    0.261799      2.03274      2315.94    -0.969848
    0.261799      2.12953      2252.66    -0.969724
    0.261799      2.23092      2178.06    -0.969538
    0.261799      2.33715      2091.48    -0.969267
    0.261799      2.44844      1992.38    -0.968883
    0.261799      2.56502      1892.24    -0.968418
    0.261799      2.68716      1805.95    -0.967968
    0.261799      2.81511      1712.71    -0.967413
    0.261799      2.94915      1612.68    -0.966731
    0.261799      3.08958      1506.26    -0.965896
    0.261799      3.23669      1394.02    -0.964863
    0.261799      3.39081      1276.88    -0.963572
    0.261799      3.55226      1156.15    -0.961955
    0.261799      3.72141      1033.54    -0.959913
    0.261799       3.8986       911.27    -0.957333
    0.261799      4.08424      792.036     -0.95408
    0.261799      4.27871      679.068    -0.950027
    0.261799      4.48245      578.258    -0.945242
    0.261799      4.69588      494.203    -0.940098
    0.261799      4.91948      420.354    -0.934287
    0.261799      5.15372      356.614    -0.927876
    0.261799      5.39912      302.592    -0.921029
    0.261799      5.65621      257.579    -0.914021
    0.261799      5.92553      220.533    -0.907179
    0.261799      6.20768      190.057    -0.900733
    0.261799      6.50326      164.395    -0.894551
    0.261799      6.81292      140.733    -0.887289
    0.261799      7.13732      119.235    -0.878652
    0.261799      7.47717      100.184    -0.868609
    0.261799       7.8332      83.5937    -0.857071
    0.261799      8.20619      69.4749    -0.844227
    0.261799      8.59693      57.2878    -0.829357
    0.261799      9.00628      47.3554    -0.814099
    0.261799      9.43512      40.2879    -0.803567
    0.261799      9.88438      34.5406    -0.794727
    0.261799       10.355      29.1559    -0.783073
    0.261799      10.8481      24.4637    -0.770199
    0.261799      11.3646      20.7894    -0.760194
    0.261799      11.9058      17.6028    -0.749709
    0.261799      12.4727      14.8561    -0.738753
    0.261799      13.0666       12.507     -0.72746
    0.261799      13.6887      10.5204     -0.71623
    0.261799      14.3405      8.87615    -0.706143
    0.261799      15.0234      7.48611    -0.696376
    0.261799      15.7387      6.32185    -0.687429
    0.261799      16.4881      5.33902    -0.678972
    0.261799      17.2732      4.50494    -0.670707
    0.261799      18.0957      3.79906    -0.662716
    0.261799      18.9574      3.20505    -0.655289
    0.261799        19.86      2.70058     -0.64788
    0.261799      20.8057      2.27247    -0.640416
    0.261799      21.7964      1.90966    -0.632864
    0.261799      22.8342        1.603    -0.625273
    0.261799      23.9215      1.34547    -0.617986
    0.261799      25.0605      1.12943    -0.611066
    0.261799      26.2538     0.947663    -0.604306
    0.261799      27.5039      0.79484    -0.597705
    0.261799      28.8135     0.666626    -0.591379
    0.261799      30.1855     0.558626    -0.585016
    0.261799      31.6228     0.468013    -0.578832
#   Phi[rad]  Energy[keV]            I          Q/I
    0.523599     0.316228      1239.57    -0.959274
    0.523599     0.331285      1268.29    -0.958741
    0.523599      0.34706      1289.11     -0.95804
    0.523599     0.363585      1301.95     -0.95718
    0.523599     0.380897       1308.1    -0.956206
    0.523599     0.399034      1302.22    -0.954958
    0.523599     0.418034      1290.15    -0.953693
    0.523599      0.43794      1274.38    -0.952168
    0.523599     0.458792      1254.55    -0.950759
    0.523599     0.480638      1225.95    -0.947189
    0.523599     0.503524      1192.76    -0.948665
    0.523599       0.5275      1147.73    -0.958498
    0.523599     0.552617      1110.22    -0.958142
    0.523599      0.57893      1067.89    -0.953709
    0.523599     0.606496       1048.8    -0.950796
    0.523599     0.635375      1019.15    -0.949252
    0.523599     0.665629      1036.89    -0.951638
    0.523599     0.697324      1038.16    -0.949931
    0.523599     0.730527      1098.55    -0.951191
    0.523599     0.765312      1179.07     -0.95335
    0.523599     0.801753      1303.95    -0.957081
    0.523599     0.839929      1440.53    -0.960948
    0.523599     0.879923      1569.07    -0.963995
    0.523599     0.921821      1693.78     -0.96632
    0.523599     0.965714         1840    -0.969026
    0.523599       1.0117       1937.9    -0.970594
    0.523599      1.05987      2038.93    -0.972578
    0.523599      1.11034      2143.08    -0.974167
    0.523599      1.16321      2243.32    -0.975477
    0.523599      1.21859       2330.4    -0.976593
    0.523599      1.27662      2392.71    -0.977532
    0.523599       1.3374      2415.13    -0.977983
    0.523599      1.40109       2421.5    -0.978093
    0.523599       1.4678      2421.64    -0.978174
    0.523599      1.53769       2415.3    -0.978232
    0.523599      1.61091      2402.09    -0.978251
    0.523599      1.68761      2381.57    -0.978247
    0.523599      1.76797      2353.25    -0.978233
    0.523599      1.85215      2316.58    -0.978206
    0.523599      1.94034      2270.97    -0.978159
    0.523599      2.03274      2215.83    -0.978082
    0.523599      2.12953       2150.6     -0.97796
    0.523599      2.23092      2074.75    -0.977776
    0.523599      2.33715      1987.85    -0.977508
    0.523599      2.44844      1889.58    -0.977127
    0.523599      2.56502       1791.4    -0.976661
    0.523599      2.68716      1707.48    -0.976201
    0.523599      2.81511      1617.33    -0.975634
    0.523599      2.94915      1521.14    -0.974945
    0.523599      3.08958      1419.27      -0.9741
    0.523599      3.23669      1312.32    -0.973051
    0.523599      3.39081      1201.17    -0.971738
    0.523599      3.55226      1087.02    -0.970089
    0.523599      3.72141      971.449    -0.968004
    0.523599       3.8986       856.48    -0.965362
    0.523599      4.08424      744.612    -0.962027
    0.523599      4.27871      638.808    -0.957867
    0.523599      4.48245      544.489    -0.952958
    0.523599      4.69588      465.812    -0.947675
    0.523599      4.91948      396.724    -0.941707
    0.523599      5.15372      337.123    -0.935125
    0.523599      5.39912      286.632    -0.928107
    0.523599      5.65621      244.582    -0.920941
    0.523599      5.92553      209.972    -0.913968
    0.523599      6.20768      181.478    -0.907422
    0.523599      6.50326      157.445    -0.901174
    0.523599      6.81292      135.267    -0.893915
    0.523599      7.13732      115.028     -0.88533
    0.523599      7.47717      96.9936    -0.875373
    0.523599       7.8332      81.1992    -0.863947
    0.523599      8.20619      67.6838    -0.851232
    0.523599      8.59693      55.9985     -0.83661
    0.523599      9.00628      46.4723    -0.821756
    0.523599      9.43512      39.6153    -0.811392
    0.523599      9.88438      34.0072    -0.802639
    0.523599       10.355      28.7586    -0.791229
    0.523599      10.8481      24.1754    -0.778653
    0.523599      11.3646      20.5571    -0.768744
    0.523599      11.9058        17.42      -0.7584
    0.523599      12.4727      14.7156    -0.747628
    0.523599      13.0666      12.4012    -0.736555
    0.523599      13.6887       10.441    -0.725546
    0.523599      14.3405      8.81288    -0.715585
    0.523599      15.0234      7.43487    -0.705917
    0.523599      15.7387      6.27789    -0.696964
    0.523599      16.4881      5.30149    -0.688516
    0.523599      17.2732       4.4729    -0.680257
    0.523599      18.0957      3.77174    -0.672273
    0.523599      18.9574      3.18125    -0.664803
    0.523599        19.86      2.68009    -0.657368
    0.523599      20.8057      2.25506    -0.649904
    0.523599      21.7964      1.89505    -0.642378
    0.523599      22.8342      1.59084    -0.634833
    0.523599      23.9215      1.33528    -0.627576
    0.523599      25.0605      1.12081    -0.620661
    0.523599      26.2538     0.940385    -0.613904
    0.523599      27.5039     0.788691    -0.607304
    0.523599      28.8135     0.661411    -0.600967
    0.523599      30.1855     0.554242    -0.594614
    0.523599      31.6228     0.464324    -0.588436
#   Phi[rad]  Energy[keV]            I          Q/I
    0.785398     0.316228      1221.26     -0.94741
    0.785398     0.331285      1248.23    -0.946108
    0.785398      0.34706      1266.82    -0.944549
    0.785398     0.363585      1277.08    -0.942764
    0.785398     0.380897       1280.6    -0.940859
    0.785398     0.399034      1271.62    -0.938618
    0.785398     0.418034      1257.31     -0.93644
    0.785398      0.43794      1241.19    -0.933702
    0.785398     0.458792      1222.38    -0.931347
    0.785398     0.480638      1195.41    -0.924158
    0.785398     0.503524      1165.88     -0.92935
    0.785398       0.5275      1126.19    -0.955169
    0.785398     0.552617      1094.95    -0.956751
    0.785398      0.57893      1059.65    -0.949088
    0.785398     0.606496      1047.79    -0.944997
    0.785398     0.635375      1026.76    -0.942947
    0.785398     0.665629       1050.2    -0.946454
    0.785398     0.697324      1057.61    -0.944012
    0.785398     0.730527      1117.39    -0.944512
    0.785398     0.765312      1193.23     -0.94573
    0.785398     0.801753      1309.72    -0.948562
    0.785398     0.839929      1439.03    -0.952813
    0.785398     0.879923      1562.09    -0.956297
    0.785398     0.921821      1678.94     -0.95877
    0.785398     0.965714      1814.77    -0.961718
    0.785398       1.0117      1906.07    -0.963373
    0.785398      1.05987      1999.29    -0.965293
    0.785398      1.11034      2094.29    -0.966887
    0.785398      1.16321      2184.03    -0.968239
    0.785398      1.21859      2259.28    -0.969406
    0.785398      1.27662      2308.47    -0.970405
    0.785398       1.3374      2322.21    -0.970905
    0.785398      1.40109      2324.25    -0.971054
    0.785398       1.4678      2319.96    -0.971169
    0.785398      1.53769      2309.09    -0.971261
    0.785398      1.61091      2291.28    -0.971311
    0.785398      1.68761      2266.14    -0.971338
    0.785398      1.76797      2233.26    -0.971356
    0.785398      1.85215       2192.2     -0.97136
    0.785398      1.94034      2142.49    -0.971344
    0.785398      2.03274      2083.73    -0.971298
    0.785398      2.12953      2015.55     -0.97121
    0.785398      2.23092      1937.69    -0.971057
    0.785398      2.33715      1849.97    -0.970815
    0.785398      2.44844      1752.43    -0.970458
    0.785398      2.56502      1656.54    -0.970006
    0.785398      2.68716      1575.57     -0.96955
    0.785398      2.81511      1489.33    -0.968994
    0.785398      2.94915      1398.04    -0.968313
    0.785398      3.08958      1302.05    -0.967473
    0.785398      3.23669      1201.95    -0.966424
    0.785398      3.39081      1098.56    -0.965103
    0.785398      3.55226      992.988    -0.963437
    0.785398      3.72141      886.677    -0.961323
    0.785398       3.8986      781.423    -0.958638
    0.785398      4.08424       679.42    -0.955245
    0.785398      4.27871      583.262     -0.95101
    0.785398      4.48245      497.674    -0.946013
    0.785398      4.69588      426.272    -0.940626
    0.785398      4.91948      363.666    -0.934549
    0.785398      5.15372      309.748    -0.927871
    0.785398      5.39912      264.151    -0.920793
    0.785398      5.65621      226.221    -0.913623
    0.785398      5.92553       195.02    -0.906713
    0.785398      6.20768      169.317    -0.900304
    0.785398      6.50326      147.583    -0.894259
    0.785398      6.81292      127.491    -0.887339
    0.785398      7.13732      109.025    -0.879187
    0.785398      7.47717      92.4199    -0.869719
    0.785398       7.8332      77.7431    -0.858831
    0.785398      8.20619      65.0773    -0.846682
    0.785398      8.59693      54.0953    -0.832815
    0.785398      9.00628      45.1362    -0.818943
    0.785398      9.43512      38.5961     -0.80916
    0.785398      9.88438      33.2037    -0.800834
    0.785398       10.355      28.1547    -0.790078
    0.785398      10.8481        23.73     -0.77824
    0.785398      11.3646      20.1954    -0.768659
    0.785398      11.9058      17.1332    -0.758742
    0.785398      12.4727      14.4939    -0.748495
    0.785398      13.0666      12.2336    -0.738023
    0.785398      13.6887      10.3148    -0.727616
    0.785398      14.3405      8.71228    -0.718046
    0.785398      15.0234      7.35356     -0.70872
    0.785398      15.7387      6.20923    -0.699961
    0.785398      16.4881      5.24279    -0.691652
    0.785398      17.2732      4.42282    -0.683526
    0.785398      18.0957      3.72895    -0.675658
    0.785398      18.9574      3.14409     -0.66823
    0.785398        19.86      2.64818     -0.66087
    0.785398      20.8057      2.22797    -0.653519
    0.785398      21.7964      1.87231    -0.646146
    0.785398      22.8342      1.57191    -0.638785
    0.785398      23.9215      1.31941    -0.631677
    0.785398      25.0605      1.10741    -0.624867
    0.785398      26.2538     0.929059    -0.618211
    0.785398      27.5039     0.779128    -0.611708
    0.785398      28.8135     0.653306    -0.605443
    0.785398      30.1855     0.547429    -0.599195
    0.785398      31.6228     0.458592    -0.593113
#   Phi[rad]  Energy[keV]            I          Q/I
      1.0472     0.316228      1197.29    -0.939809
      1.0472     0.331285      1222.55    -0.937996
      1.0472      0.34706       1239.2    -0.935863
      1.0472     0.363585      1247.32    -0.933448
      1.0472     0.380897      1248.69    -0.930888
      1.0472     0.399034      1237.22    -0.927907
      1.0472     0.418034      1220.71    -0.925017
      1.0472      0.43794      1203.51    -0.921401
      1.0472     0.458792      1184.65    -0.918339
      1.0472     0.480638       1158.8    -0.908874
      1.0472     0.503524      1132.17    -0.916228
      1.0472       0.5275      1096.75    -0.951387
      1.0472     0.552617      1071.06    -0.954012
      1.0472      0.57893      1042.55    -0.944455
      1.0472     0.606496      1037.69    -0.939573
      1.0472     0.635375       1025.1    -0.937407
      1.0472     0.665629      1052.74    -0.942634
      1.0472     0.697324      1064.99    -0.940076
      1.0472     0.730527      1125.19    -0.939668
      1.0472     0.765312      1198.59     -0.94038
      1.0472     0.801753      1308.87    -0.942872
      1.0472     0.839929      1431.76    -0.946916
      1.0472     0.879923      1548.43    -0.950317
      1.0472     0.921821      1657.51    -0.952678
      1.0472     0.965714      1783.59    -0.955583
      1.0472       1.0117      1868.41    -0.957179
      1.0472      1.05987      1954.48    -0.958894
      1.0472      1.11034      2041.05     -0.96035
      1.0472      1.16321      2120.97    -0.961597
      1.0472      1.21859      2184.93    -0.962656
      1.0472      1.27662      2221.27    -0.963536
      1.0472       1.3374      2226.31    -0.963954
      1.0472      1.40109      2223.97    -0.964063
      1.0472       1.4678      2215.16    -0.964134
      1.0472      1.53769      2199.64    -0.964174
      1.0472      1.61091      2177.07    -0.964167
      1.0472      1.68761      2147.14    -0.964131
      1.0472      1.76797      2109.49    -0.964079
      1.0472      1.85215      2063.79    -0.964005
      1.0472      1.94034      2009.74    -0.963904
      1.0472      2.03274      1947.08    -0.963765
      1.0472      2.12953      1875.68    -0.963575
      1.0472      2.23092      1795.51    -0.963316
      1.0472      2.33715      1706.72    -0.962967
      1.0472      2.44844      1609.67    -0.962503
      1.0472      2.56502      1515.93    -0.961952
      1.0472      2.68716      1437.87    -0.961413
      1.0472      2.81511      1355.56     -0.96077
      1.0472      2.94915      1269.23    -0.959992
      1.0472      3.08958      1179.25    -0.959041
      1.0472      3.23669      1086.18    -0.957866
      1.0472      3.39081      990.782    -0.956402
      1.0472      3.55226      894.053    -0.954573
      1.0472      3.72141       797.27    -0.952271
      1.0472       3.8986      702.013    -0.949369
      1.0472      4.08424      610.181    -0.945724
      1.0472      4.27871      523.985    -0.941204
      1.0472      4.48245      447.472     -0.93589
      1.0472      4.69588      383.676    -0.930175
      1.0472      4.91948      327.871    -0.923779
      1.0472      5.15372      279.935    -0.916824
      1.0472      5.39912      239.512    -0.909555
      1.0472      5.65621      205.994    -0.902333
      1.0472      5.92553      178.499    -0.895548
      1.0472      6.20768       155.87    -0.889439
      1.0472      6.50326      136.687     -0.88383
      1.0472      6.81292      118.899    -0.877514
      1.0472      7.13732      102.374    -0.870025
      1.0472      7.47717      87.3293    -0.861233
      1.0472       7.8332      73.8719    -0.851007
      1.0472      8.20619      62.1338    -0.839498
      1.0472      8.59693      51.9277    -0.826497
      1.0472      9.00628      43.6027    -0.813832
      1.0472      9.43512      37.4258     -0.80485
      1.0472      9.88438       32.281    -0.797142
      1.0472       10.355      27.4595    -0.787214
      1.0472      10.8481      23.2173    -0.776293
      1.0472      11.3646      19.7794    -0.767123
      1.0472      11.9058       16.804    -0.757751
      1.0472      12.4727      14.2402     -0.74818
      1.0472      13.0666      12.0426     -0.73848
      1.0472      13.6887      10.1719    -0.728845
      1.0472      14.3405      8.59868    -0.719769
      1.0472      15.0234      7.26213    -0.710879
      1.0472      15.7387      6.13312    -0.702417
      1.0472      16.4881      5.17767    -0.694284
      1.0472      17.2732       4.3673    -0.686327
      1.0472      18.0957      3.68145    -0.678595
      1.0472      18.9574      3.10287    -0.671229
      1.0472        19.86      2.61281    -0.663968
      1.0472      20.8057      2.19797    -0.656761
      1.0472      21.7964      1.84715     -0.64958
      1.0472      22.8342      1.55096    -0.642444
      1.0472      23.9215      1.30186    -0.635517
      1.0472      25.0605      1.09258    -0.628835
      1.0472      26.2538     0.916536    -0.622306
      1.0472      27.5039     0.768553    -0.615928
      1.0472      28.8135     0.644342    -0.609755
      1.0472      30.1855     0.539894    -0.603638
      1.0472      31.6228     0.452252    -0.597675
#   Phi[rad]  Energy[keV]            I          Q/I
       1.309     0.316228      1158.14    -0.950245
       1.309     0.331285      1182.44    -0.948923
       1.309      0.34706      1198.08    -0.947294
       1.309     0.363585      1205.14    -0.945368
       1.309     0.380897      1205.54    -0.943245
       1.309     0.399034      1193.17    -0.940658
       1.309     0.418034      1175.79    -0.937991
       1.309      0.43794      1157.55    -0.934838
       1.309     0.458792      1139.28    -0.931878
       1.309     0.480638      1115.71    -0.925386
       1.309     0.503524      1091.47    -0.928027
       1.309       0.5275      1058.03    -0.945482
       1.309     0.552617       1036.3    -0.945646
       1.309      0.57893      1014.54     -0.93902
       1.309     0.606496      1013.82    -0.934518
       1.309     0.635375      1004.32    -0.932573
       1.309     0.665629      1032.84    -0.945369
       1.309     0.697324      1047.16    -0.948093
       1.309     0.730527      1107.74    -0.944366
       1.309     0.765312      1181.41    -0.944292
       1.309     0.801753      1289.35    -0.946325
       1.309     0.839929      1407.68    -0.949964
       1.309     0.879923      1518.56    -0.952865
       1.309     0.921821      1622.22    -0.954708
       1.309     0.965714      1741.57    -0.957326
       1.309       1.0117      1821.75    -0.958754
       1.309      1.05987      1903.09    -0.960252
       1.309      1.11034      1984.12    -0.961557
       1.309      1.16321      2057.66    -0.962672
       1.309      1.21859      2114.43    -0.963569
       1.309      1.27662      2142.77    -0.964218
       1.309       1.3374      2142.53     -0.96442
       1.309      1.40109      2137.63    -0.964388
       1.309       1.4678      2126.22    -0.964307
       1.309      1.53769      2108.07     -0.96418
       1.309      1.61091      2082.86     -0.96399
       1.309      1.68761       2050.3    -0.963751
       1.309      1.76797      2010.12    -0.963471
       1.309      1.85215      1962.03    -0.963143
       1.309      1.94034      1905.82    -0.962759
       1.309      2.03274      1841.37    -0.962304
       1.309      2.12953      1768.67    -0.961764
       1.309      2.23092      1687.84    -0.961119
       1.309      2.33715      1599.24    -0.960346
       1.309      2.44844      1503.44    -0.959424
       1.309      2.56502      1411.91    -0.958444
       1.309      2.68716      1336.38    -0.957558
       1.309      2.81511      1257.27    -0.956542
       1.309      2.94915      1174.84    -0.955364
       1.309      3.08958      1089.44    -0.953986
       1.309      3.23669      1001.62    -0.952348
       1.309      3.39081      912.116    -0.950373
       1.309      3.55226      821.843    -0.947976
       1.309      3.72141      731.971    -0.945034
       1.309       3.8986      643.928    -0.941405
       1.309      4.08424      559.412    -0.936941
       1.309      4.27871      480.385    -0.931517
       1.309      4.48245      410.429    -0.925267
       1.309      4.69588      352.171    -0.918638
       1.309      4.91948      301.345    -0.911363
       1.309      5.15372      257.817    -0.903643
       1.309      5.39912      221.235    -0.895821
       1.309      5.65621      191.008    -0.888356
       1.309      5.92553      166.298    -0.881712
       1.309      6.20768      146.008    -0.876124
       1.309      6.50326      128.772      -0.8713
       1.309      6.81292      112.722    -0.865973
       1.309      7.13732      97.6302    -0.859449
       1.309      7.47717      83.7129    -0.851512
       1.309       7.8332      71.1165    -0.842004
       1.309      8.20619      60.0174    -0.831078
       1.309      8.59693      50.3227    -0.818797
       1.309      9.00628      42.4449    -0.807408
       1.309      9.43512      36.5435    -0.799493
       1.309      9.88438      31.5982    -0.792738
       1.309       10.355      26.9414    -0.783767
       1.309      10.8481      22.8242    -0.773796
       1.309      11.3646      19.4577    -0.765058
       1.309      11.9058      16.5468    -0.756297
       1.309      12.4727      14.0392    -0.747502
       1.309      13.0666      11.8883    -0.738694
       1.309      13.6887      10.0537    -0.729941
       1.309      14.3405      8.50359    -0.721402
       1.309      15.0234      7.18473    -0.712977
       1.309      15.7387      6.06777    -0.704822
       1.309      16.4881       5.1214    -0.696873
       1.309      17.2732      4.31928    -0.689062
       1.309      18.0957      3.64048    -0.681431
       1.309      18.9574      3.06739    -0.674106
       1.309        19.86      2.58239    -0.666924
       1.309      20.8057      2.17216    -0.659842
       1.309      21.7964      1.82546    -0.652834
       1.309      22.8342      1.53287    -0.645903
       1.309      23.9215      1.28669    -0.639142
       1.309      25.0605      1.07976    -0.632572
       1.309      26.2538     0.905713    -0.626147
       1.309      27.5039     0.759421    -0.619869
       1.309      28.8135     0.636611    -0.613766
       1.309      30.1855     0.533394    -0.607762
       1.309      31.6228     0.446784    -0.601899
#   Phi[rad]  Energy[keV]            I          Q/I
      1.5708     0.316228      1138.92    -0.967428
      1.5708     0.331285      1162.41    -0.966944
      1.5708      0.34706      1177.19    -0.966244
      1.5708     0.363585      1183.26    -0.965316
      1.5708     0.380897      1182.64    -0.964201
      1.5708     0.399034      1169.24     -0.96271
      1.5708     0.418034      1150.86    -0.961029
      1.5708      0.43794      1131.11    -0.959195
      1.5708     0.458792      1112.14    -0.957238
      1.5708     0.480638      1089.36    -0.954934
      1.5708     0.503524      1063.57    -0.952995
      1.5708       0.5275      1025.28    -0.951292
      1.5708     0.552617      1003.01    -0.949145
      1.5708      0.57893      983.622    -0.946226
      1.5708     0.606496      983.353    -0.942545
      1.5708     0.635375       973.27     -0.94209
      1.5708     0.665629       1000.4    -0.955842
      1.5708     0.697324       1013.8    -0.959514
      1.5708     0.730527      1073.24    -0.957034
      1.5708     0.765312       1146.7    -0.957728
      1.5708     0.801753      1253.61     -0.95981
      1.5708     0.839929      1369.54    -0.963194
      1.5708     0.879923      1477.35    -0.965816
      1.5708     0.921821      1578.47    -0.967446
      1.5708     0.965714      1694.71     -0.96978
      1.5708       1.0117      1772.65     -0.97104
      1.5708      1.05987      1851.77    -0.972358
      1.5708      1.11034      1930.29    -0.973496
      1.5708      1.16321      2001.15    -0.974446
      1.5708      1.21859      2055.14    -0.975162
      1.5708      1.27662      2080.75    -0.975608
      1.5708       1.3374      2078.99    -0.975632
      1.5708      1.40109      2073.47    -0.975467
      1.5708       1.4678       2061.5    -0.975253
      1.5708      1.53769      2042.85    -0.974991
      1.5708      1.61091      2017.22    -0.974662
      1.5708      1.68761      1984.32     -0.97428
      1.5708      1.76797      1943.91     -0.97385
      1.5708      1.85215      1895.75    -0.973362
      1.5708      1.94034      1839.65    -0.972806
      1.5708      2.03274      1775.54    -0.972163
      1.5708      2.12953      1703.45    -0.971417
      1.5708      2.23092      1623.59    -0.970543
      1.5708      2.33715      1536.36    -0.969518
      1.5708      2.44844      1442.42    -0.968315
      1.5708      2.56502      1353.03    -0.967069
      1.5708      2.68716       1279.5    -0.965987
      1.5708      2.81511      1202.68    -0.964769
      1.5708      2.94915      1122.83    -0.963364
      1.5708      3.08958      1040.32    -0.961732
      1.5708      3.23669      955.682    -0.959806
      1.5708      3.39081      869.615    -0.957502
      1.5708      3.55226      783.011    -0.954722
      1.5708      3.72141      696.981     -0.95133
      1.5708       3.8986      612.879    -0.947172
      1.5708      4.08424      532.307    -0.942086
      1.5708      4.27871      457.108     -0.93594
      1.5708      4.48245      390.637    -0.928908
      1.5708      4.69588      335.318    -0.921526
      1.5708      4.91948      287.139    -0.913486
      1.5708      5.15372      245.961    -0.905033
      1.5708      5.39912      211.425    -0.896568
      1.5708      5.65621      182.948    -0.888617
      1.5708      5.92553      159.708    -0.881685
      1.5708      6.20768      140.641    -0.876011
      1.5708      6.50326      124.421    -0.871239
      1.5708      6.81292       109.29    -0.865987
      1.5708      7.13732      94.9701    -0.859469
      1.5708      7.47717      81.6672     -0.85145
      1.5708       7.8332      69.5462     -0.84177
      1.5708      8.20619      58.8069    -0.830607
      1.5708      8.59693      49.4078     -0.81809
      1.5708      9.00628      41.7774    -0.806682
      1.5708      9.43512      36.0321    -0.798976
      1.5708      9.88438      31.2013    -0.792491
      1.5708       10.355      26.6397    -0.783661
      1.5708      10.8481      22.5965    -0.773782
      1.5708      11.3646      19.2715    -0.765105
      1.5708      11.9058      16.3984    -0.756447
      1.5708      12.4727      13.9242    -0.747802
      1.5708      13.0666      11.8012    -0.739176
      1.5708      13.6887      9.98816    -0.730614
      1.5708      14.3405      8.45148    -0.722208
      1.5708      15.0234       7.1428    -0.713902
      1.5708      15.7387       6.0326    -0.705806
      1.5708      16.4881      5.09158    -0.697908
      1.5708      17.2732      4.29393     -0.69015
      1.5708      18.0957      3.61886    -0.682568
      1.5708      18.9574       3.0487    -0.675263
      1.5708        19.86      2.56641    -0.668113
      1.5708      20.8057      2.15864    -0.661077
      1.5708      21.7964      1.81414    -0.654129
      1.5708      22.8342      1.52346     -0.64727
      1.5708      23.9215      1.27882    -0.640569
      1.5708      25.0605      1.07312    -0.634044
      1.5708      26.2538     0.900119    -0.627661
      1.5708      27.5039     0.754708     -0.62142
      1.5708      28.8135     0.632625    -0.615348
      1.5708      30.1855      0.53005    -0.609386
      1.5708      31.6228     0.443975    -0.603563

