# temperature and density at unit angle-averaged monochromatic optical depth
# depth limits log(m) [-5.0, 5.0] cm^2/g
# idx	E(keV)		m (cm^2/g)	T		rho
 0	1.303846e-02	-0.999922	5.931065	-0.732779	-3.858856	5.333741	-3.014685
 1	2.524478e-02	-0.221840	6.107244	-0.127946	-3.361804	5.425499	-2.600305
 2	4.426074e-02	0.301043	6.217879	0.287851	-2.946196	5.508419	-2.269411
 3	6.573579e-02	0.778161	6.305343	0.683999	-2.640980	5.567299	-2.018954
 4	8.475174e-02	1.000004	6.339901	0.876230	-2.447467	5.607156	-1.863098
 5	9.695806e-02	1.000005	6.339901	0.876231	-2.300058	5.638996	-1.745453
 6	1.437575e-01	1.478028	6.412126	1.295693	-1.985542	5.708158	-1.500592
 7	3.079913e-01	2.301030	6.557554	1.997863	-1.361192	5.849149	-1.014255
 8	5.222706e-01	2.390981	6.574447	2.070259	-0.931805	5.942821	-0.682145
 9	6.865044e-01	1.957382	6.492834	1.709120	-0.680419	5.999809	-0.481554
10	7.415326e-01	1.641268	6.439480	1.435769	-0.638429	6.008699	-0.449986
11	7.838194e-01	1.160664	6.358908	1.017412	-0.605277	6.016208	-0.424540
12	8.389919e-01	1.161150	6.358975	1.017848	-0.511962	6.039186	-0.351302
13	8.812788e-01	1.627112	6.437776	1.422765	-0.486625	6.044738	-0.332267
14	9.152472e-01	1.804363	6.467976	1.575103	-0.465834	6.049485	-0.316444
15	9.772674e-01	2.017559	6.505404	1.755985	-0.388317	6.068326	-0.256324
16	1.303846e+00	2.482579	6.594685	2.146107	-0.180351	6.116487	-0.095971
17	2.524478e+00	2.933729	6.704839	2.488331	0.233757	6.201433	0.230753
18	4.426074e+00	3.160099	6.753452	2.658925	0.493815	6.255817	0.443989
19	6.573579e+00	3.357362	6.804594	2.811636	0.548962	6.265672	0.489319
20	8.475174e+00	3.480884	6.839039	2.902234	0.564494	6.268637	0.502268
21	9.695806e+00	3.510994	6.846666	2.923083	0.568953	6.269505	0.505999
22	1.072976e+01	3.533023	6.852499	2.938614	0.571234	6.269951	0.507910
23	1.366237e+01	3.608388	6.873846	2.993100	0.574373	6.270568	0.510543
24	1.823101e+01	3.609188	6.874052	2.993650	0.575930	6.270876	0.511850
25	2.339045e+01	3.527003	6.850883	2.934347	0.576495	6.270988	0.512325
26	2.795910e+01	3.430225	6.824192	2.864429	0.576723	6.271033	0.512516
27	3.089170e+01	3.370930	6.808063	2.821280	0.576820	6.271052	0.512598
