# temperature and density at unit angle-averaged monochromatic optical depth
# depth limits log(m) [-5.0, 5.0] cm^2/g
# idx	E(keV)		m (cm^2/g)	T		rho
 0	1.303846e-02	-0.999971	5.918061	-0.717777	-3.885700	5.311364	-3.017541
 1	2.524478e-02	-0.221833	6.094405	-0.112874	-3.381884	5.404657	-2.597603
 2	4.426074e-02	0.301041	6.201871	0.306983	-2.965893	5.488516	-2.266060
 3	6.573579e-02	0.778155	6.280333	0.714996	-2.659031	5.548153	-2.015571
 4	8.475174e-02	1.000001	6.314928	0.907960	-2.465085	5.589108	-1.861023
 5	9.695806e-02	1.000006	6.314928	0.907963	-2.351210	5.614084	-1.771046
 6	1.346336e-01	1.477122	6.393169	1.320419	-2.070693	5.677270	-1.552057
 7	2.646255e-01	2.000002	6.492185	1.757482	-1.501994	5.802704	-1.106956
 8	4.342285e-01	2.193400	6.523467	1.919813	-1.082476	5.898337	-0.780938
 9	5.642204e-01	1.799419	6.450466	1.594433	-0.900243	5.935908	-0.643086
10	6.080971e-01	1.507720	6.397997	1.346218	-0.850159	5.946203	-0.604015
11	6.427746e-01	1.047080	6.320550	0.947541	-0.810621	5.955015	-0.572491
12	6.880191e-01	1.044735	6.320257	0.945553	-0.692506	5.984741	-0.475773
13	7.226966e-01	1.492137	6.395502	1.333043	-0.667260	5.989928	-0.457065
14	7.885783e-01	1.849022	6.460457	1.635415	-0.617585	6.000853	-0.419450
15	9.433266e-01	2.150775	6.515544	1.883068	-0.463870	6.037460	-0.300329
16	1.303846e+00	2.523335	6.595162	2.190038	-0.194717	6.100353	-0.092030
17	2.524478e+00	2.926740	6.692785	2.499023	0.212329	6.181396	0.231214
18	4.426074e+00	3.137983	6.739699	2.654721	0.454439	6.228979	0.434371
19	6.573579e+00	3.333346	6.791984	2.805004	0.526678	6.240823	0.496242
20	8.475174e+00	3.400416	6.809681	2.851946	0.541653	6.243119	0.509195
21	9.695806e+00	3.482297	6.833786	2.911688	0.545975	6.243794	0.512945
22	1.072976e+01	3.500780	6.838543	2.924240	0.548190	6.244142	0.514868
23	1.366237e+01	3.534233	6.847540	2.947390	0.551241	6.244624	0.517520
24	1.823101e+01	3.527781	6.845765	2.942882	0.552758	6.244865	0.518839
25	2.339045e+01	3.432180	6.818780	2.874920	0.553314	6.244953	0.519323
26	2.795910e+01	3.334342	6.792233	2.805685	0.553545	6.244990	0.519524
27	3.089170e+01	3.258942	6.771506	2.749058	0.553649	6.245007	0.519614
