# temperature and density at unit angle-averaged monochromatic optical depth
# depth limits log(m) [-5.0, 5.0] cm^2/g
# idx	E(keV)		m (cm^2/g)	T		rho
 0	1.303846e-02	-0.999923	5.930978	-0.732680	-3.859389	5.333517	-3.014983
 1	2.524478e-02	-0.221838	6.107157	-0.127842	-3.362237	5.425267	-2.600489
 2	4.426074e-02	0.301042	6.217835	0.287903	-2.946656	5.508157	-2.269561
 3	6.573579e-02	0.778156	6.304526	0.684994	-2.641413	5.567051	-2.019115
 4	8.475174e-02	1.000004	6.339037	0.877312	-2.447882	5.606962	-1.863315
 5	9.695806e-02	1.000006	6.339038	0.877313	-2.300397	5.638874	-1.745654
 6	1.433130e-01	1.477153	6.411349	1.295823	-1.987488	5.707836	-1.502009
 7	3.058787e-01	2.301030	6.556677	1.999176	-1.365261	5.848075	-1.017200
 8	5.179814e-01	2.386661	6.573097	2.067342	-0.937114	5.941767	-0.686071
 9	6.805470e-01	1.955727	6.492759	1.707426	-0.685182	5.998785	-0.485021
10	7.350319e-01	1.638826	6.438792	1.433996	-0.643826	6.007479	-0.454046
11	7.769480e-01	1.154527	6.357342	1.012777	-0.611071	6.014840	-0.428999
12	8.316369e-01	1.154585	6.357350	1.012829	-0.516608	6.038213	-0.354781
13	8.735530e-01	1.623727	6.436845	1.420339	-0.491660	6.043611	-0.336065
14	9.090762e-01	1.807026	6.468488	1.577254	-0.470021	6.048493	-0.319616
15	9.756139e-01	2.027047	6.507729	1.762371	-0.389463	6.067988	-0.257085
16	1.303846e+00	2.488340	6.595965	2.150337	-0.180705	6.116357	-0.096191
17	2.524478e+00	2.955882	6.709820	2.506075	0.233186	6.201263	0.230320
18	4.426074e+00	3.160856	6.753367	2.659898	0.493146	6.255126	0.444144
19	6.573579e+00	3.356044	6.804088	2.810961	0.548149	6.264839	0.489475
20	8.475174e+00	3.478707	6.838373	2.900936	0.563655	6.267765	0.502433
21	9.695806e+00	3.508105	6.845796	2.921238	0.568108	6.268620	0.506167
22	1.072976e+01	3.529593	6.851463	2.936344	0.570386	6.269061	0.508080
23	1.366237e+01	3.604446	6.872749	2.990515	0.573521	6.269670	0.510716
24	1.823101e+01	3.604159	6.872675	2.990318	0.575077	6.269974	0.512026
25	2.339045e+01	3.521136	6.849208	2.930373	0.575642	6.270085	0.512501
26	2.795910e+01	3.424296	6.822357	2.860263	0.575869	6.270129	0.512692
27	3.089170e+01	3.365269	6.806436	2.817498	0.575966	6.270148	0.512774
