# temperature and density at unit angle-averaged monochromatic optical depth
# depth limits log(m) [-5.0, 5.0] cm^2/g
# idx	E(keV)		m (cm^2/g)	T		rho
 0	1.303846e-02	-1.045544	5.873456	-0.712828	-3.915155	5.266049	-2.997245
 1	2.524478e-02	-0.301007	6.043003	-0.134449	-3.443224	5.354044	-2.605114
 2	4.426074e-02	0.301036	6.169673	0.346378	-2.983292	5.449752	-2.238712
 3	6.573579e-02	0.698975	6.233294	0.690469	-2.674245	5.509950	-1.987086
 4	8.475174e-02	0.954257	6.265473	0.924151	-2.480014	5.550579	-1.832187
 5	9.695806e-02	1.000002	6.273862	0.962641	-2.365277	5.575465	-1.741154
 6	1.381943e-01	1.301045	6.314332	1.237918	-2.069725	5.641456	-1.509677
 7	2.815495e-01	2.000001	6.439863	1.839399	-1.479728	5.774645	-1.051527
 8	4.685880e-01	2.196843	6.471427	2.009269	-1.033519	5.876268	-0.703761
 9	6.119432e-01	1.800331	6.398209	1.675694	-0.859270	5.910689	-0.571483
10	6.601719e-01	1.514518	6.349137	1.425069	-0.805377	5.922687	-0.528527
11	6.978190e-01	1.063845	6.280527	1.019591	-0.695056	5.950748	-0.437859
12	7.469380e-01	1.062679	6.280397	1.018542	-0.659894	5.958026	-0.411776
13	7.845851e-01	1.501088	6.347328	1.412860	-0.632069	5.964124	-0.390755
14	8.380124e-01	1.786484	6.396466	1.662614	-0.591841	5.973492	-0.359794
15	9.565724e-01	2.065622	6.449078	1.894838	-0.466682	6.003536	-0.262825
16	1.303846e+00	2.422064	6.520691	2.195449	-0.203629	6.065215	-0.059219
17	2.524478e+00	2.878820	6.636174	2.538712	0.204904	6.147382	0.264418
18	4.426074e+00	3.112280	6.688724	2.712206	0.477144	6.200234	0.495354
19	6.573579e+00	3.315679	6.742225	2.870549	0.533816	6.208129	0.544662
20	8.475174e+00	3.382580	6.759181	2.916652	0.550642	6.210648	0.559458
21	9.695806e+00	3.418750	6.769182	2.942477	0.555548	6.211398	0.563785
22	1.072976e+01	3.488878	6.789571	2.993324	0.558071	6.211787	0.566013
23	1.366237e+01	3.527239	6.799608	3.019602	0.561555	6.212327	0.569092
24	1.823101e+01	3.534456	6.801570	3.024627	0.563286	6.212596	0.570622
25	2.339045e+01	3.456926	6.780403	2.970390	0.563911	6.212694	0.571175
26	2.795910e+01	3.371799	6.756316	2.909074	0.564162	6.212733	0.571397
27	3.089170e+01	3.310792	6.741061	2.867269	0.564269	6.212750	0.571492
