# temperature and density at unit angle-averaged monochromatic optical depth
# depth limits log(m) [-5.0, 5.0] cm^2/g
# idx	E(keV)		m (cm^2/g)	T		rho
 0	1.303846e-02	-1.045339	5.867774	-0.705810	-3.926240	5.256389	-2.997415
 1	2.524478e-02	-0.301003	6.037224	-0.127410	-3.453083	5.344554	-2.604681
 2	4.426074e-02	0.301036	6.161240	0.356928	-2.991255	5.441281	-2.236467
 3	6.573579e-02	0.698972	6.220734	0.706979	-2.681672	5.501652	-1.984822
 4	8.475174e-02	0.954260	6.254381	0.939487	-2.487416	5.542649	-1.830543
 5	9.695806e-02	1.000002	6.262968	0.977779	-2.372291	5.567900	-1.739532
 6	1.346336e-01	1.301033	6.305385	1.251236	-2.089407	5.631649	-1.518565
 7	2.646255e-01	2.000000	6.434246	1.848953	-1.518591	5.759675	-1.073172
 8	4.342285e-01	2.132051	6.454235	1.961780	-1.120907	5.849770	-0.763913
 9	5.642204e-01	1.732464	6.377682	1.630171	-0.919961	5.892782	-0.611654
10	6.080971e-01	1.417536	6.323081	1.353686	-0.871635	5.902411	-0.574373
11	6.427746e-01	1.021342	6.265206	0.996550	-0.833248	5.910688	-0.544101
12	6.880191e-01	1.019850	6.265047	0.995234	-0.783566	5.922278	-0.504108
13	7.226966e-01	1.400108	6.320172	1.338155	-0.683595	5.947547	-0.422734
14	7.885783e-01	1.786604	6.388729	1.675511	-0.636147	5.957655	-0.387120
15	9.433266e-01	2.101143	6.449085	1.934933	-0.481170	5.994542	-0.266988
16	1.303846e+00	2.482725	6.533025	2.249635	-0.209893	6.057972	-0.056889
17	2.524478e+00	2.867126	6.628524	2.538666	0.194786	6.137633	0.265687
18	4.426074e+00	3.093055	6.680278	2.705461	0.445295	6.184067	0.480364
19	6.573579e+00	3.230481	6.714496	2.810275	0.523592	6.195768	0.549773
20	8.475174e+00	3.363654	6.750954	2.909227	0.540143	6.197953	0.564640
21	9.695806e+00	3.398279	6.760306	2.933430	0.544987	6.198606	0.569002
22	1.072976e+01	3.423280	6.767402	2.951262	0.547481	6.198945	0.571250
23	1.366237e+01	3.506481	6.791234	3.010362	0.550929	6.199416	0.574359
24	1.823101e+01	3.507592	6.791527	3.011117	0.552643	6.199652	0.575906
25	2.339045e+01	3.419238	6.766235	2.948359	0.553266	6.199737	0.576468
26	2.795910e+01	3.328470	6.741998	2.885238	0.553519	6.199772	0.576697
27	3.089170e+01	3.254108	6.721226	2.829057	0.553630	6.199788	0.576797
