# temperature and density at unit angle-averaged monochromatic optical depth
# depth limits log(m) [-5.0, 5.0] cm^2/g
# idx	E(keV)		m (cm^2/g)	T		rho
 0	1.303846e-02	-0.999938	5.929356	-0.730825	-3.862776	5.330736	-3.015417
 1	2.524478e-02	-0.221838	6.105521	-0.125931	-3.364806	5.422631	-2.600201
 2	4.426074e-02	0.301042	6.216063	0.290008	-2.949204	5.505577	-2.269146
 3	6.573579e-02	0.778155	6.301378	0.688852	-2.643745	5.564567	-2.018690
 4	8.475174e-02	1.000003	6.335792	0.881384	-2.450134	5.604660	-1.863077
 5	9.695806e-02	1.000006	6.335792	0.881386	-2.337041	5.628920	-1.773120
 6	1.418908e-01	1.477126	6.409318	1.298510	-1.994386	5.705227	-1.505348
 7	2.991188e-01	2.301030	6.555783	2.000513	-1.378758	5.843188	-1.025351
 8	5.042574e-01	2.370005	6.568875	2.055089	-0.954627	5.937010	-0.697375
 9	6.614854e-01	1.922534	6.487459	1.678143	-0.772862	5.975091	-0.554716
10	7.142320e-01	1.626864	6.434289	1.427119	-0.661594	6.002073	-0.465598
11	7.549619e-01	1.136848	6.351972	1.000685	-0.630253	6.008897	-0.441887
12	8.081032e-01	1.136271	6.351894	1.000172	-0.588538	6.018591	-0.409695
13	8.488332e-01	1.611855	6.432149	1.413950	-0.508128	6.038472	-0.346647
14	8.893310e-01	1.808868	6.465799	1.583248	-0.483896	6.043785	-0.328372
15	9.703232e-01	2.051786	6.509955	1.784583	-0.393700	6.065484	-0.258419
16	1.303846e+00	2.496853	6.597150	2.157735	-0.182543	6.114279	-0.095689
17	2.524478e+00	2.955444	6.708538	2.507549	0.230577	6.198904	0.230224
18	4.426074e+00	3.157557	6.751677	2.658658	0.490736	6.252404	0.444966
19	6.573579e+00	3.352377	6.802538	2.809315	0.545375	6.261905	0.490091
20	8.475174e+00	3.424622	6.821900	2.861318	0.560809	6.264771	0.503012
21	9.695806e+00	3.503780	6.844218	2.918905	0.565243	6.265610	0.506738
22	1.072976e+01	3.524769	6.849731	2.933577	0.567512	6.266042	0.508647
23	1.366237e+01	3.565441	6.860985	2.962607	0.570635	6.266640	0.511277
24	1.823101e+01	3.571645	6.862769	2.967103	0.572185	6.266938	0.512584
25	2.339045e+01	3.510872	6.846059	2.923839	0.572749	6.267046	0.513058
26	2.795910e+01	3.411654	6.818249	2.851806	0.572975	6.267090	0.513250
27	3.089170e+01	3.351720	6.802372	2.808853	0.573073	6.267108	0.513332
