# temperature and density at unit angle-averaged monochromatic optical depth
# depth limits log(m) [-5.0, 5.0] cm^2/g
# idx	E(keV)		m (cm^2/g)	T		rho
 0	1.303846e-02	-0.999970	5.924291	-0.725002	-3.873193	5.322011	-3.016516
 1	2.524478e-02	-0.221835	6.100504	-0.120053	-3.372623	5.414467	-2.599123
 2	4.426074e-02	0.301042	6.209673	0.297623	-2.956880	5.497737	-2.267776
 3	6.573579e-02	0.778157	6.291869	0.700589	-2.650770	5.557032	-2.017306
 4	8.475174e-02	1.000001	6.326075	0.893672	-2.456964	5.597584	-1.862209
 5	9.695806e-02	1.000009	6.326076	0.893678	-2.343507	5.622217	-1.772283
 6	1.381943e-01	1.477124	6.401804	1.308630	-2.031199	5.692328	-1.528257
 7	2.815495e-01	2.000036	6.498384	1.748509	-1.460935	5.818696	-1.083457
 8	4.685880e-01	2.323995	6.556772	2.023273	-0.998999	5.924448	-0.724295
 9	6.119432e-01	1.861616	6.470329	1.634990	-0.837364	5.955079	-0.600945
10	6.601719e-01	1.545278	6.412788	1.366620	-0.781925	5.967848	-0.556275
11	6.978190e-01	1.091645	6.336906	0.972298	-0.679216	5.993401	-0.472928
12	7.469380e-01	1.090177	6.336716	0.971021	-0.642267	6.001275	-0.445260
13	7.845851e-01	1.528861	6.410009	1.352529	-0.613216	6.007844	-0.423099
14	8.380124e-01	1.816229	6.460153	1.599089	-0.519435	6.031258	-0.349472
15	9.565724e-01	2.102531	6.513480	1.832986	-0.448657	6.047072	-0.295678
16	1.303846e+00	2.506200	6.596169	2.169475	-0.188077	6.107980	-0.094093
17	2.524478e+00	2.926071	6.697734	2.490552	0.222311	6.190982	0.230606
18	4.426074e+00	3.144898	6.745682	2.653361	0.483386	6.243595	0.448142
19	6.573579e+00	3.343093	6.797990	2.806196	0.536917	6.252314	0.492842
20	8.475174e+00	3.414472	6.817014	2.856903	0.552150	6.254964	0.505725
21	9.695806e+00	3.495257	6.840251	2.915676	0.556534	6.255741	0.509445
22	1.072976e+01	3.515591	6.845565	2.929711	0.558778	6.256141	0.511352
23	1.366237e+01	3.553997	6.856112	2.956766	0.561868	6.256694	0.513979
24	1.823101e+01	3.555052	6.856411	2.957520	0.563401	6.256970	0.515284
25	2.339045e+01	3.486675	6.838064	2.909815	0.563959	6.257071	0.515760
26	2.795910e+01	3.378824	6.807226	2.831277	0.564187	6.257112	0.515954
27	3.089170e+01	3.315071	6.791134	2.786962	0.564287	6.257130	0.516039
