# temperature and density at unit angle-averaged monochromatic optical depth
# depth limits log(m) [-5.0, 5.0] cm^2/g
# idx	E(keV)		m (cm^2/g)	T		rho
 0	1.303846e-02	-1.045722	5.850432	-0.685200	-3.974177	5.221205	-3.004260
 1	2.524478e-02	-0.301001	6.017843	-0.103502	-3.496215	5.310781	-2.610398
 2	4.426074e-02	0.000089	6.079898	0.138915	-3.044777	5.407476	-2.252107
 3	6.573579e-02	0.602068	6.168360	0.672521	-2.794145	5.454767	-2.053793
 4	8.475174e-02	0.903093	6.220035	0.931848	-2.520563	5.515129	-1.831605
 5	9.695806e-02	1.000002	6.240315	1.010306	-2.448773	5.529805	-1.775340
 6	1.368711e-01	1.301039	6.285543	1.281867	-2.135576	5.599980	-1.529527
 7	2.635893e-01	2.000001	6.430064	1.856125	-1.613237	5.718684	-1.126500
 8	3.903075e-01	1.535605	6.330177	1.478549	-1.262402	5.798993	-0.851753
 9	4.337729e-01	1.134283	6.257251	1.129158	-1.151589	5.825339	-0.766360
10	4.585093e-01	0.726319	6.188542	0.780479	-1.123005	5.831963	-0.744585
11	4.907835e-01	0.725096	6.188334	0.779435	-1.045475	5.850488	-0.685013
12	5.155199e-01	1.111108	6.253994	1.108352	-1.020570	5.856303	-0.666066
13	5.759663e-01	1.541164	6.331340	1.483084	-0.942846	5.871139	-0.607848
14	7.610397e-01	2.015346	6.432371	1.868305	-0.687650	5.929096	-0.404155
15	9.461131e-01	2.160550	6.457924	1.987646	-0.511452	5.969977	-0.267824
16	1.303846e+00	2.383230	6.507659	2.171772	-0.271094	6.024024	-0.080090
17	2.524478e+00	2.720666	6.591331	2.429501	0.142024	6.098066	0.260696
18	4.426074e+00	2.964218	6.653706	2.609590	0.388251	6.137291	0.479286
19	6.573579e+00	3.091944	6.682714	2.698728	0.455071	6.147878	0.538930
20	8.475174e+00	3.172195	6.702662	2.756973	0.477703	6.151749	0.559343
21	9.695806e+00	3.214075	6.714207	2.788506	0.481646	6.152215	0.562885
22	1.072976e+01	3.302294	6.741152	2.857087	0.483683	6.152457	0.564716
23	1.366237e+01	3.335608	6.749534	2.878763	0.486508	6.152794	0.567257
24	1.823101e+01	3.326693	6.747244	2.872906	0.487920	6.152963	0.568527
25	2.339045e+01	3.222702	6.716686	2.795094	0.488436	6.153025	0.568992
26	2.795910e+01	3.125079	6.690616	2.722419	0.488647	6.153050	0.569182
27	3.089170e+01	3.059203	6.675348	2.675833	0.488741	6.153062	0.569266
