# temperature and density at unit angle-averaged monochromatic optical depth
# depth limits log(m) [-5.0, 5.0] cm^2/g
# idx	E(keV)		m (cm^2/g)	T		rho
 0	1.303846e-02	-0.522787	6.386387	-0.735549	-3.276782	5.880102	-2.987026
 1	2.524478e-02	0.000151	6.501819	-0.327620	-2.904465	5.928381	-2.667415
 2	4.426074e-02	0.845302	6.687521	0.332677	-2.508721	5.989974	-2.327796
 3	6.573579e-02	1.301033	6.784028	0.692550	-2.256667	6.034398	-2.119856
 4	8.475174e-02	1.602061	6.849370	0.928627	-2.069245	6.071286	-1.968828
 5	9.695806e-02	1.698978	6.869876	1.005189	-1.972044	6.089475	-1.891977
 6	1.422734e-01	2.000002	6.928767	1.248022	-1.684021	6.140957	-1.653376
 7	3.009374e-01	2.903090	7.058822	2.026394	-1.122208	6.258219	-1.207683
 8	5.079497e-01	2.819300	7.045376	1.955222	-0.692144	6.349389	-0.868503
 9	6.666137e-01	2.315248	6.975145	1.517821	-0.492044	6.392590	-0.712123
10	7.198279e-01	2.003734	6.929174	1.251048	-0.450427	6.401560	-0.679797
11	7.608770e-01	1.501554	6.827164	0.849235	-0.381176	6.417282	-0.625240
12	8.144347e-01	1.497552	6.826361	0.846155	-0.346274	6.424742	-0.598159
13	8.554837e-01	1.958141	6.921025	1.213725	-0.288378	6.437736	-0.552617
14	8.946432e-01	2.121994	6.943785	1.349357	-0.266308	6.442425	-0.535493
15	9.717466e-01	2.374640	6.982562	1.568760	-0.198040	6.457476	-0.482012
16	1.303846e+00	2.801714	7.042683	1.940228	0.018864	6.504891	-0.313998
17	2.524478e+00	3.154027	7.098777	2.231342	0.381209	6.583879	-0.031406
18	4.426074e+00	3.402367	7.149378	2.434509	0.534632	6.619925	0.087694
19	6.573579e+00	3.559835	7.186620	2.556456	0.564639	6.626717	0.111175
20	8.475174e+00	3.655273	7.210385	2.628580	0.571638	6.628355	0.116702
21	9.695806e+00	3.710388	7.224680	2.670028	0.573548	6.628805	0.118214
22	1.072976e+01	3.724063	7.228105	2.680002	0.574511	6.629032	0.118976
23	1.366237e+01	3.737590	7.231573	2.689951	0.575827	6.629344	0.120019
24	1.823101e+01	3.675236	7.215532	2.643641	0.576493	6.629502	0.120547
25	2.339045e+01	3.554161	7.185217	2.552100	0.576761	6.629566	0.120759
26	2.795910e+01	3.436885	7.157447	2.461861	0.576889	6.629596	0.120861
27	3.089170e+01	3.367585	7.141734	2.407413	0.576953	6.629611	0.120912
