# temperature and density at unit angle-averaged monochromatic optical depth
# depth limits log(m) [-5.0, 7.0] cm^2/g
# idx	E(keV)		m (cm^2/g)	T		rho
 0	1.303846e-02	-0.397609	6.514554	-0.741005	-3.149232	6.021952	-3.002257
 1	2.524478e-02	0.301356	6.682598	-0.210014	-2.825986	6.056099	-2.717912
 2	4.426074e-02	1.000030	6.839086	0.332570	-2.452756	6.108071	-2.392187
 3	6.573579e-02	1.477124	6.937540	0.711703	-2.182496	6.151244	-2.164041
 4	8.475174e-02	1.698982	6.983880	0.887450	-1.992719	6.184824	-2.008073
 5	9.695806e-02	1.903097	7.024621	1.051093	-1.927846	6.194501	-1.957800
 6	1.437807e-01	2.301031	7.088990	1.385668	-1.643261	6.249524	-1.724697
 7	3.081015e-01	3.000001	7.171365	2.005717	-1.066676	6.367746	-1.263819
 8	5.224942e-01	2.979720	7.168424	1.988137	-0.661289	6.452954	-0.945258
 9	6.868150e-01	2.483214	7.111551	1.545871	-0.461763	6.498949	-0.791150
10	7.418715e-01	2.118421	7.057928	1.227253	-0.382124	6.517877	-0.729349
11	7.841777e-01	1.648042	6.972907	0.846545	-0.354128	6.524123	-0.708019
12	8.393754e-01	1.640716	6.971411	0.840741	-0.287859	6.539731	-0.656746
13	8.816816e-01	2.077997	7.052417	1.193464	-0.263638	6.545203	-0.638275
14	9.155690e-01	2.301348	7.089023	1.385940	-0.218127	6.556038	-0.603044
15	9.773536e-01	2.495949	7.112793	1.557150	-0.186881	6.563180	-0.579299
16	1.303846e+00	2.921623	7.160449	1.937710	0.021424	6.612674	-0.422548
17	2.524478e+00	3.316273	7.217062	2.276993	0.355826	6.693771	-0.169369
18	4.426074e+00	3.522953	7.258909	2.441756	0.468122	6.720541	-0.081710
19	6.573579e+00	3.662059	7.290963	2.549456	0.493801	6.726227	-0.061803
20	8.475174e+00	3.748911	7.312216	2.615357	0.497936	6.727062	-0.058643
21	9.695806e+00	3.798118	7.324668	2.652307	0.499054	6.727289	-0.057787
22	1.072976e+01	3.812207	7.328229	2.662745	0.499616	6.727404	-0.057357
23	1.366237e+01	3.826631	7.331966	2.673522	0.500383	6.727560	-0.056769
24	1.823101e+01	3.778958	7.319962	2.638254	0.500774	6.727639	-0.056471
25	2.339045e+01	3.643080	7.286454	2.534944	0.500935	6.727672	-0.056347
26	2.795910e+01	3.521290	7.258551	2.440472	0.501016	6.727689	-0.056285
27	3.089170e+01	3.445746	7.242352	2.380752	0.501059	6.727698	-0.056252
