# temperature and density at unit angle-averaged monochromatic optical depth
# depth limits log(m) [-5.0, 5.0] cm^2/g
# idx	E(keV)		m (cm^2/g)	T		rho
 0	1.303846e-02	-0.397438	6.528824	-0.755391	-3.078799	6.060784	-2.970901
 1	2.524478e-02	0.301066	6.682875	-0.210610	-2.689361	6.104370	-2.624949
 2	4.426074e-02	1.000012	6.837976	0.333619	-2.360832	6.151068	-2.343029
 3	6.573579e-02	1.477123	6.939209	0.709921	-2.088692	6.196235	-2.115280
 4	8.475174e-02	1.698982	6.985942	0.885266	-1.941442	6.220258	-1.996294
 5	9.695806e-02	1.903091	7.026869	1.048715	-1.871073	6.230592	-1.938706
 6	1.437659e-01	2.301031	7.092989	1.381497	-1.592136	6.281057	-1.705543
 7	3.080310e-01	3.000000	7.175845	2.001006	-0.990716	6.403283	-1.224440
 8	5.223511e-01	2.975752	7.172501	1.979842	-0.619449	6.479471	-0.931107
 9	6.866162e-01	2.418984	7.107452	1.483673	-0.382997	6.531765	-0.744348
10	7.416546e-01	2.104897	7.058896	1.212710	-0.343953	6.540113	-0.714067
11	7.839484e-01	1.634840	6.972162	0.834040	-0.284302	6.553486	-0.667265
12	8.391300e-01	1.628831	6.970952	0.829321	-0.250230	6.560940	-0.640791
13	8.814238e-01	2.066056	7.053548	1.180639	-0.200041	6.572168	-0.601631
14	9.153630e-01	2.217519	7.076911	1.308344	-0.181420	6.576296	-0.587166
15	9.772985e-01	2.485796	7.116801	1.542936	-0.127469	6.588417	-0.545226
16	1.303846e+00	2.909818	7.163983	1.922147	0.061738	6.628325	-0.401245
17	2.524478e+00	3.301862	7.219469	2.260699	0.409891	6.706454	-0.128307
18	4.426074e+00	3.507520	7.259725	2.425552	0.543462	6.737317	-0.024095
19	6.573579e+00	3.645239	7.290552	2.532783	0.567420	6.742747	-0.005253
20	8.475174e+00	3.730226	7.310869	2.597804	0.572819	6.744002	-0.000976
21	9.695806e+00	3.778723	7.323018	2.634772	0.574282	6.744345	0.000184
22	1.072976e+01	3.790070	7.325752	2.643110	0.575018	6.744517	0.000768
23	1.366237e+01	3.796401	7.327302	2.647787	0.576025	6.744754	0.001568
24	1.823101e+01	3.722670	7.309065	2.592131	0.576541	6.744875	0.001978
25	2.339045e+01	3.582469	7.276261	2.484392	0.576758	6.744926	0.002150
26	2.795910e+01	3.461378	7.250097	2.389172	0.576870	6.744952	0.002239
27	3.089170e+01	3.389974	7.235261	2.330535	0.576928	6.744966	0.002286
