# temperature and density at unit angle-averaged monochromatic optical depth
# depth limits log(m) [-5.0, 5.0] cm^2/g
# idx	E(keV)		m (cm^2/g)	T		rho
 0	1.303846e-02	-0.999965	5.894504	-0.690130	-3.924699	5.273627	-3.014952
 1	2.524478e-02	-0.301007	6.052870	-0.146369	-3.452821	5.361725	-2.623754
 2	4.426074e-02	0.301052	6.172762	0.342554	-2.991874	5.459098	-2.257326
 3	6.573579e-02	0.698976	6.234468	0.688939	-2.682768	5.519361	-2.006263
 4	8.475174e-02	1.000001	6.286213	0.945816	-2.489293	5.558908	-1.851228
 5	9.695806e-02	1.000003	6.286213	0.945817	-2.374518	5.582824	-1.759112
 6	1.455877e-01	1.477125	6.365947	1.358845	-2.032993	5.658045	-1.490679
 7	3.022601e-01	2.199409	6.505645	1.954101	-1.448531	5.793071	-1.040777
 8	4.589326e-01	1.723692	6.412457	1.565601	-1.073115	5.877085	-0.746308
 9	5.123078e-01	1.332643	6.339325	1.235135	-0.978581	5.898104	-0.674552
10	5.415228e-01	0.904018	6.269013	0.864708	-0.947944	5.903524	-0.651874
11	5.796402e-01	0.904007	6.269011	0.864698	-0.906771	5.911317	-0.620758
12	6.088552e-01	1.314767	6.336511	1.220260	-0.874711	5.917811	-0.596040
13	6.598415e-01	1.631781	6.394458	1.488817	-0.818704	5.930102	-0.551887
14	8.083040e-01	2.033575	6.476563	1.815160	-0.625554	5.976293	-0.398619
15	9.567666e-01	2.180773	6.501907	1.938073	-0.477433	6.011467	-0.283552
16	1.303846e+00	2.477742	6.568569	2.182028	-0.214329	6.072357	-0.078928
17	2.524478e+00	2.800645	6.646211	2.428527	0.182849	6.147931	0.240283
18	4.426074e+00	3.035618	6.702937	2.603052	0.426003	6.191988	0.449167
19	6.573579e+00	3.160066	6.731292	2.693186	0.499599	6.204215	0.513597
20	8.475174e+00	3.309073	6.773552	2.808543	0.513949	6.206157	0.526173
21	9.695806e+00	3.339878	6.781261	2.829119	0.518126	6.206733	0.529844
22	1.072976e+01	3.362258	6.787122	2.844369	0.520273	6.207031	0.531732
23	1.366237e+01	3.404201	6.798719	2.873612	0.523238	6.207444	0.534342
24	1.823101e+01	3.404223	6.798726	2.873627	0.524713	6.207651	0.535640
25	2.339045e+01	3.331333	6.779081	2.823363	0.525249	6.207726	0.536113
26	2.795910e+01	3.222301	6.747943	2.740812	0.525467	6.207756	0.536304
27	3.089170e+01	3.157763	6.730709	2.691454	0.525562	6.207770	0.536388
