# temperature and density at unit angle-averaged monochromatic optical depth
# depth limits log(m) [-5.0, 5.0] cm^2/g
# idx	E(keV)		m (cm^2/g)	T		rho
 0	1.303846e-02	-0.999965	5.882706	-0.676080	-3.946198	5.252541	-3.012538
 1	2.524478e-02	-0.221686	6.058514	-0.069710	-3.471740	5.341302	-2.620278
 2	4.426074e-02	0.301144	6.153874	0.366338	-3.024497	5.436563	-2.264767
 3	6.573579e-02	0.699018	6.209573	0.721966	-2.696496	5.501648	-1.999282
 4	8.475174e-02	1.000001	6.263512	0.977008	-2.502974	5.541692	-1.845153
 5	9.695806e-02	1.000003	6.263512	0.977010	-2.387426	5.566207	-1.752924
 6	1.409251e-01	1.477148	6.340576	1.396744	-2.081525	5.634230	-1.513475
 7	2.815749e-01	2.000030	6.449621	1.823165	-1.501193	5.767853	-1.065402
 8	4.222247e-01	1.640780	6.372530	1.532736	-1.149645	5.847132	-0.790668
 9	4.702992e-01	1.223111	6.294653	1.174277	-1.071853	5.865391	-0.731075
10	4.971186e-01	0.847917	6.235343	0.849213	-1.023456	5.876961	-0.694086
11	5.321104e-01	0.849873	6.235618	0.850946	-0.970107	5.887766	-0.654243
12	5.589298e-01	1.209357	6.292315	1.161798	-0.942324	5.892739	-0.633568
13	6.149763e-01	1.634000	6.371569	1.526550	-0.882655	5.904334	-0.588051
14	7.830222e-01	2.058452	6.458337	1.870694	-0.656270	5.957703	-0.407723
15	9.510680e-01	2.217574	6.487663	2.005655	-0.492573	5.996390	-0.280961
16	1.303846e+00	2.500549	6.552137	2.235322	-0.253715	6.051102	-0.095111
17	2.524478e+00	2.850146	6.638468	2.500273	0.164835	6.128250	0.246095
18	4.426074e+00	3.065240	6.690016	2.656130	0.408246	6.168133	0.460558
19	6.573579e+00	3.195115	6.721938	2.750927	0.482805	6.179654	0.527656
20	8.475174e+00	3.333943	6.761879	2.855090	0.496615	6.181213	0.540154
21	9.695806e+00	3.365242	6.770158	2.876095	0.500665	6.181679	0.543825
22	1.072976e+01	3.387488	6.776313	2.891324	0.502750	6.181920	0.545717
23	1.366237e+01	3.427388	6.787934	2.919244	0.505629	6.182255	0.548331
24	1.823101e+01	3.421518	6.786177	2.915089	0.507055	6.182421	0.549626
25	2.339045e+01	3.338996	6.763186	2.858448	0.507568	6.182481	0.550092
26	2.795910e+01	3.219716	6.728822	2.769717	0.507774	6.182505	0.550279
27	3.089170e+01	3.149218	6.709829	2.716558	0.507863	6.182516	0.550360
