# temperature and density at unit angle-averaged monochromatic optical depth
# depth limits log(m) [-5.0, 5.0] cm^2/g
# idx	E(keV)		m (cm^2/g)	T		rho
 0	1.303846e-02	-1.045742	5.827085	-0.656339	-4.021319	5.180582	-3.004597
 1	2.524478e-02	-0.397909	5.971076	-0.147697	-3.521961	5.275366	-2.595060
 2	4.426074e-02	0.000036	6.050918	0.176277	-3.086413	5.371662	-2.253686
 3	6.573579e-02	0.602063	6.129153	0.729278	-2.820106	5.426156	-2.048459
 4	8.475174e-02	0.845099	6.172290	0.938786	-2.596243	5.477023	-1.868531
 5	9.695806e-02	1.000002	6.200939	1.071132	-2.468425	5.504576	-1.765692
 6	1.629883e-01	1.477123	6.279228	1.500627	-2.022878	5.592960	-1.402076
 7	3.350843e-01	1.630147	6.310310	1.628011	-1.396354	5.748009	-0.930063
 8	4.042179e-01	1.078930	6.209897	1.143466	-1.261010	5.778307	-0.824781
 9	4.272689e-01	0.647465	6.136046	0.769319	-1.202288	5.791546	-0.778659
10	4.573441e-01	0.644005	6.135499	0.766250	-1.141141	5.805315	-0.730764
11	4.803951e-01	1.060903	6.207722	1.126850	-1.092948	5.816284	-0.693081
12	5.221856e-01	1.386976	6.259842	1.423374	-1.030606	5.830468	-0.644694
13	6.559743e-01	1.856981	6.359006	1.814794	-0.882278	5.858926	-0.531676
14	8.305312e-01	2.072383	6.406175	1.981830	-0.659605	5.910640	-0.352794
15	9.643199e-01	2.161466	6.423197	2.056277	-0.518701	5.943883	-0.242360
16	1.303846e+00	2.370261	6.471002	2.229638	-0.288568	5.994547	-0.061077
17	2.524478e+00	2.710347	6.557411	2.485480	0.117122	6.062893	0.282156
18	4.426074e+00	2.954338	6.621077	2.662675	0.366576	6.096336	0.512556
19	6.573579e+00	3.076486	6.649386	2.746775	0.434109	6.105591	0.574535
20	8.475174e+00	3.150181	6.667302	2.798939	0.453793	6.108529	0.592744
21	9.695806e+00	3.187717	6.677336	2.826478	0.459507	6.109403	0.598041
22	1.072976e+01	3.213453	6.684590	2.845720	0.462440	6.109856	0.600762
23	1.366237e+01	3.306181	6.712926	2.916515	0.466487	6.110484	0.604518
24	1.823101e+01	3.247736	6.694739	2.871791	0.468500	6.110799	0.606388
25	2.339045e+01	3.161859	6.670356	2.807438	0.469237	6.110914	0.607073
26	2.795910e+01	3.059524	6.645581	2.735140	0.469538	6.110962	0.607352
27	3.089170e+01	2.990433	6.630515	2.688514	0.469668	6.110982	0.607473
